active.1 1 GO:0000793 condensed chromosome GO|GO.CC|GO 2.82276938851261e-09 6.44551162172968e-05 4.75762219969865e-05 16 0.122137404580153 0.018780573025856 6.50339073317948 150 131 0.0744186046511628 215 condensed chromosome 120|672|701|2177|10403|11144|25936|26039|55166|55355|57405|81930|83540|151246|151648|220134
active.1 2 GO:0007059 chromosome segregation GO|GO.BP|GO 4.16713865262210e-09 9.51524439939729e-05 4.75762219969865e-05 18 0.137404580152672 0.0250698812019567 5.48086283480065 150 131 0.0627177700348432 287 chromosome segregation 672|701|2177|9232|10403|11144|25936|29127|54892|55166|55355|57405|81930|83540|83990|151246|151648|220134
active.1 3 GO:0000776 kinetochore GO|GO.CC|GO 3.90943340395687e-08 0.000892680023459512 0.000297560007819837 12 0.0916030534351145 0.0117051013277428 7.82590862481486 150 131 0.0895522388059701 134 kinetochore 701|10403|25936|26039|55166|55355|57405|81930|83540|151246|151648|220134
active.1 4 GO:0098813 nuclear chromosome segregation GO|GO.BP|GO 5.6997252797505e-08 0.00130147527037823 0.000325368817594557 15 0.114503816793893 0.0201781970649895 5.67463071279865 150 131 0.0649350649350649 231 nuclear chromosome segregation 701|2177|9232|10403|11144|25936|29127|54892|55166|57405|81930|83540|83990|151246|151648
active.1 5 GO:0000779 condensed chromosome, centromeric region GO|GO.CC|GO 8.72818175751975e-08 0.00199299302251206 0.000398598604502412 12 0.0916030534351145 0.0125786163522013 7.2824427480916 150 131 0.0833333333333333 144 condensed chromosome, centromeric region 701|10403|25936|26039|55166|55355|57405|81930|83540|151246|151648|220134
active.1 6 GO:0140013 meiotic nuclear division GO|GO.BP|GO 1.26712932789459e-07 0.0028933631073145 0.000482227184552417 11 0.083969465648855 0.0105695317959469 7.94448299791811 150 131 0.0909090909090909 121 meiotic nuclear division 701|2177|9232|10403|10635|11144|81930|83540|83990|151246|151648
active.1 7 GO:0007049 cell cycle GO|GO.BP|GO 2.41313030201492e-07 0.00551014173162087 0.000787163104517268 37 0.282442748091603 0.118099231306778 2.39157143502417 150 131 0.0273668639053254 1352 cell cycle 672|677|701|983|1033|1263|2177|5728|6477|8999|9232|10403|10614|10635|10907|11113|11144|25936|25959|28227|29127|29899|54892|55166|55215|55355|57405|81930|83540|83990|128239|151246|151648|163786|220134|344387|100144748
active.1 8 GO:1903047 mitotic cell cycle process GO|GO.BP|GO 3.18981806971599e-07 0.00728363058038949 0.000910453822548687 23 0.175572519083969 0.0528476589797345 3.32223834458394 150 131 0.0380165289256198 605 mitotic cell cycle process 672|677|701|983|1033|1263|2177|5728|9232|10403|11113|25936|25959|29127|29899|54892|57405|81930|83540|128239|151246|151648|163786
active.1 9 GO:1903046 meiotic cell cycle process GO|GO.BP|GO 3.87898369175552e-07 0.00885727136175455 0.000958546754256574 11 0.083969465648855 0.0117924528301887 7.1206106870229 150 131 0.0814814814814815 135 meiotic cell cycle process 701|2177|9232|10403|10635|11144|81930|83540|83990|151246|151648
active.1 10 GO:0045132 meiotic chromosome segregation GO|GO.BP|GO 4.19789241594366e-07 0.00958546754256574 0.000958546754256574 8 0.0610687022900763 0.00532844164919637 11.4608935051933 150 131 0.131147540983607 61 meiotic chromosome segregation 701|2177|9232|11144|83540|83990|151246|151648
