381
54623
1870
7384
9918
2534
10460
1175
168850
84545
5128
5424
91283
5597
28951
54847
7515
64431
51512
2782
3835
22894
1540
2950
8438
4799
55696
2778
8886
57106
7042
51100
9681
79019
4174
79609
5494
4605
4773
994
1869
9663
6839
4168
83693
7329
84148
55192
79815
54108
203069
4066
55723
25865
11100
3978
6742
4521
6878
54664
64983
5599
57584
57532
9969
5193
9368
57649
1182
7468
81622
79073
79829
2305
83461
NA
5528
55754
55722
1627
56954
22916
23150
1058
51130
84695
1796
23451
51449
5906
6738
23046
3925
8673
89891
84272
11340
83468
64236
23397
113
5552
84292
64333
1017
3007
8970
26212
5911
399512
56731
11190
55795
64430
4357
7263
94101
599
10038
26290
1786
4354
22927
93323
54521
23164
196441
4221
84722
80263
79577
55143
9415
22881
9700
10010
274
4957
84904
84547
11270
3706
3795
55500
6252
54939
81631
55135
207
11004
10550
64777
9589
113130
84296
84294
220869
9328
653567
4288
85450
60494
3619
79980
8479
55208
23310
150776
57407
9320
10350
221264
137492
118491
1376
9133
3017
8365
23400
146206
54058
3101
80174
147841
197335
90864
899
124222
129450
132789
151556
56983
151987
23350
54585
79442
116832
9255
79982
5364
80167
25886
3148
91137
285613
220972
1073
221154
122945
9318
5347
91433
2021
10229
81620
10036
7083
29901
81406
27249
3008
399
388969
53944
90693
51068
7555
23587
9482
53838
598
5139
253725
64318
150684
1163
225
1600
1464
64859
9975
11146
10589
7298
6470
57513
64925
124871
10009
23765
105373159
9852
9212
285237
285908
54494
8334
8347
23760
51363
124637
785
653604
23585
10293
387893
8338
317772
80213
118433
3009
8349
25880
391356
8340
10773
613
5757
57801
84570
340277
84464
7699
7695
8329
7088
8969
NA
8364
8356
8363
NA
85236
51135
7541
9652
3151
9055
399818
126961
440689
333932
55251
85026
221527
80741
NA
728877
83463
150928
NA
100128890
337874
441150
2189
9179
642778
NA
NA
NA
NA
NA
NA
493754
NA
NA
101927686
3281
NA
107985781
101929184
8341
54145
100996654
NA
100507034
84793
644135
3833
NA
100288690
NA
NA
100505894
NA
100526664
NA
23354
100505875
NA
NA
NA
NA
NA
100289518
NA
NA
NA
NA
1519
3
NA
NA
NA
101930452
NA
NA
NA
100131655
100128568
NA
NA
139201
28439
8370
NA
8362
8342
8339
8355
8344
8361
8348
85235
8330
8354
8345
8350
246210
8294
3018
8332
8367
3012
8360
8343
NA
8968
8346
8336
8366
8357
106660613
NA
100506207
NA
8358
100630918
8352
NA
NA
NA
723790
114118903
NA
NA
