4074
23098
79602
4007
10138
9716
9774
8452
54884
5291
9967
8454
9474
4659
6873
782
54505
490
6929
285527
1739
3385
22839
10890
7462
8315
57655
10558
57060
1947
25831
3183
988
9929
55954
56948
2937
6789
58490
28952
26512
83752
8677
10994
208
587
5518
23770
3315
10467
8395
79004
23185
8453
26001
26610
51111
26973
10988
55832
51389
55776
9439
8899
4437
6500
23398
25852
3676
10213
5768
148479
149371
5929
79109
83544
80007
84955
55269
54482
10755
84650
84080
57403
79143
23550
6253
7408
11070
84190
84060
81533
79651
54858
9113
60412
157680
10621
55544
10208
114904
55207
4076
9958
64965
26122
8803
29079
3658
55339
152006
10817
23787
4750
79811
84920
84945
54957
6187
51093
4931
130507
64422
6988
54826
51397
54901
644907
6872
90678
6935
26229
5756
1977
2132
26019
54842
80097
57105
147339
143884
3192
9653
54149
9364
388591
64760
6651
197131
2224
10712
256126
149428
152559
8545
51368
55751
153396
25962
26130
9147
25820
8065
2879
5871
7336
93380
5986
79724
214
201931
114825
4798
57148
3799
79095
7572
80194
23491
29903
55167
170506
25914
56888
157769
83983
63899
54344
122809
NA
284365
122553
253143
29110
387263
267002
54622
253943
84197
23131
222194
139735
140465
54785
29966
6693
26275
9874
NA
22828
63940
23564
4636
55628
79716
NA
NA
284801
57212
729867
NA
643180
84214
NA
101927740
NA
2738
NA
100874249
10778
NA
643246
196872
NA
NA
NA
NA
NA
NA
677769
112268269
NA
400322
NA
11056
NA
NA
NA
NA
NA
