8813
57147
55732
2268
2519
2729
4800
90529
57185
81887
22875
54467
1595
5893
572
51056
4267
9957
3927
29916
4074
90293
3382
79007
57679
843
8837
55471
10181
381
23098
26073
204
952
2288
23028
10180
84254
5965
55610
115703
4706
10165
7982
996
3052
1856
5976
8935
292
55013
5439
56919
3980
79657
6296
81691
57019
56928
80256
51226
10943
1387
9256
6936
84058
54677
5244
55904
57414
25998
7748
23077
26224
3683
5164
3675
7543
3920
51573
55049
114881
9020
54972
163
10127
64847
4293
5898
55971
80853
55750
55001
57157
9855
79017
10926
56891
1352
9569
54623
27072
9912
60528
85477
414
8228
79602
57787
115098
90273
5048
9703
8522
79090
974
54879
113000
64285
55692
115939
9091
57585
55735
29116
1870
5689
3720
6792
728642
65220
9265
53616
6856
1534
9043
1951
10157
55200
51188
84954
4257
1407
4784
6482
9235
5310
9862
23221
54497
7095
6224
7812
9690
5980
199870
80342
29954
51534
9031
10048
51513
83932
51603
8798
7756
7384
83930
928
9918
25900
2696
51533
11188
80199
7752
10233
695
3077
22955
2534
3097
6924
11313
1185
9902
654364
10867
55727
9546
54903
51099
26993
54799
51096
54476
54902
5725
8193
23395
5286
5329
54443
58525
23637
54814
5536
23177
8491
27033
57146
672
2067
933
51360
4007
2137
60481
240
57658
55148
11183
30845
5704
23324
51629
9961
51667
5238
112611
1195
55703
23357
9604
1774
1663
10460
23376
23144
823
55
4190
10463
10903
440193
10138
10771
7454
637
64132
84220
23386
55349
55830
27032
3479
92745
10928
22902
25937
8540
63932
55622
147948
23584
56981
972
54764
23154
55734
4331
23034
864
4361
1992
6683
9369
9716
1373
2273
51507
55655
57210
9921
55778
64429
57476
6050
4719
9821
23071
211
330
11215
51022
6617
51071
11171
1244
50619
51177
2730
23304
55635
25901
58528
3298
51230
8630
10062
1890
29781
10953
11231
23633
7431
355
8635
960
56895
57823
11119
4285
5583
3459
11285
9047
7444
7133
55591
5452
65980
6642
9519
56938
9774
55334
286
51106
9135
3149
23279
578
22807
2896
51306
57514
55166
6301
8498
5926
7260
10908
8100
56052
55596
10061
54480
2530
55236
9846
535
8554
9497
5606
9168
28990
25897
8504
11345
26751
84908
7414
55789
23604
8439
159
26228
5981
55773
8452
26009
846
27175
51121
54888
54455
4238
84245
4234
175
55300
259282
27430
23644
7204
1462
23274
999
23517
9765
79567
11284
23035
54908
27067
54896
1497
79142
3631
5685
23026
55341
10039
90326
55775
84883
55812
9440
54884
822
1175
11055
7038
54165
23338
3937
54802
9820
1495
5256
54875
3309
1829
54960
8481
22884
64848
56474
51606
5431
56204
116984
7175
23247
84062
57102
6322
55841
395
4134
57120
57646
9734
26262
51491
50484
168850
608
92017
55885
55173
51773
55187
10659
23196
23518
1298
1161
11174
9563
9341
8863
3604
4052
5954
5982
57492
81037
23327
89801
3074
79810
340533
51528
7984
9603
63933
51474
25875
9498
79931
5601
91522
9564
84067
9709
5888
10721
5291
1535
84321
23593
10198
80143
23223
57600
6307
55761
1112
8574
51154
55850
23101
3909
55745
29945
3784
27095
9967
29085
4065
51742
23596
10806
55733
23095
25771
23224
57475
23201
84957
2581
51602
26099
8454
10827
26999
23118
116254
5610
57602
58508
55283
23369
84545
54969
51663
55609
7185
54542
55540
10758
131566
6646
4438
2665
639
9474
57458
57095
57504
8975
23200
5218
29927
4659
5923
9696
55718
493
9877
55781
54432
55706
1608
84256
64718
6916
64761
5832
6894
5188
4084
5128
6515
9150
8531
65125
55749
11054
2769
55650
10076
9410
23504
79832
51660
30
586
51564
6676
10787
60488
2983
6433
10188
23041
65056
84649
1431
63916
23063
81671
10513
5424
1975
28968
56848
6141
770
79763
11338
29924
55588
10838
8776
57143
3029
6047
841
55726
51768
53340
10402
50937
6873
28996
23534
8625
54929
9170
5476
10147
6558
28966
1265
10347
11218
53339
55711
8537
1117
22904
5378
10362
10203
6882
23294
8943
7629
4913
54887
2773
3843
4942
10885
5586
57418
9697
9423
55388
1606
91526
3735
23536
10954
55633
4710
23013
4638
55854
6416
55248
9748
51167
119391
55176
51665
83641
4199
23216
8621
10797
84679
55810
4904
5141
5525
1994
57609
6602
4802
84217
259266
8832
64834
6688
30834
27107
4287
9950
55631
51015
60487
55623
91283
55102
10565
57623
9650
10734
2235
4649
5214
3422
6672
1316
8611
4756
23471
5255
7132
782
7813
9399
5315
54505
30836
79091
7158
7216
51018
387
1659
5382
5590
55699
89795
3421
79641
6093
865
5165
8692
9759
11186
3430
63897
80347
79990
4205
55593
7030
4943
2182
3632
27238
56850
24140
55771
23250
25885
9741
57217
51447
55133
10235
23198
22933
27248
5526
5837
375449
55746
64710
55737
10294
602
8514
29121
139341
6095
7049
483
4734
9488
5597
10681
5873
27440
7353
4040
57661
8518
4925
5217
27071
23446
54916
23293
10640
10272
9993
55658
4335
79364
23210
5423
55062
57704
3340
10947
26986
29105
1459
8891
6949
998
26031
56852
490
8440
9448
11320
6160
9948
23161
79658
6196
54556
29995
114049
6400
9319
537
6929
28951
26528
53615
6596
9130
60343
29894
140469
79901
5134
51109
5566
22859
87
23503
27330
22905
26469
84708
224
7037
6720
27125
7321
64398
8243
3028
2011
3161
55743
8974
2213
4775
51095
37
6793
23291
9744
2121
51009
54847
54820
79041
8907
7515
949
4171
83642
8626
80216
3993
5151
1183
54475
6605
55876
5927
10979
10170
9175
6480
30009
NA
10129
8301
4905
23332
65993
1207
8726
7251
55421
489
11343
617
54878
9187
55205
8578
3998
51495
26034
23140
2023
56005
57719
51175
7294
64431
54962
6717
8672
79023
51512
55020
38
23151
9620
27332
55972
29090
119
9462
9605
4140
5250
64778
2355
285527
23505
6624
60
55034
5337
284403
1739
7879
55973
25956
9733
55843
23016
22920
23609
4175
25996
5939
11176
25930
4292
7374
2329
27252
113235
5362
88455
7163
32
9618
55824
55094
3385
22978
4162
2239
55796
57662
5909
56949
9138
6813
5609
8527
7155
56889
4791
29089
4660
54431
2975
3566
23032
6626
9576
56915
1781
54518
4034
143684
51548
10714
832
7107
79960
203427
7319
2260
27127
9063
369
56922
27074
2191
10529
55331
3093
5289
55728
7289
8871
5527
5379
54715
2782
1906
8028
55063
27334
9452
4898
7419
5108
57690
9139
58476
51150
7161
54472
51619
9984
51661
114880
6507
7520
56925
11262
8569
7145
57455
56681
8556
10411
634
29843
23152
3991
2222
5050
4983
3835
55604
5236
1653
1785
2037
26002
8417
11158
9817
51006
131544
5991
55183
23011
8671
6595
27244
10847
9933
4850
5663
1371
56650
5891
3320
5933
22839
22997
114819
10403
23431
54665
260425
1286
6932
28962
50939
57092
55218
4208
5788
79876
9262
8555
22869
440515
65094
11266
65985
9812
93664
51668
23239
5205
3595
55100
2533
55437
9689
4200
55322
905
57579
1310
1741
7188
29093
25929
4779
2932
3693
23085
7514
11342
79728
23033
57226
594
7994
79670
9706
3842
5351
3682
22894
10464
81550
26747
23047
5019
10325
1540
10998
25799
79891
55659
54807
55663
9422
6193
2195
91746
25978
64744
10450
10269
56910
84273
5978
3034
54434
2950
334
57613
51729
8668
1307
200081
8648
60509
22979
3797
10890
3030
22924
790
966
3732
63035
546
102157402
55892
2122
9522
5550
57531
81929
22911
57590
5016
29957
4216
29992
5243
7760
231
8895
54700
2017
4528
23259
22996
2060
4998
4258
55054
55230
55624
8438
23139
3301
2683
51510
4799
27292
51194
27102
54749
29887
22929
10573
80271
55696
10959
56605
54469
55787
5475
7462
10075
9183
79796
4606
8310
8898
23645
51171
7205
43
2512
51593
581
51701
56970
9489
5705
51720
1071
55239
6452
8602
118
79944
57544
51637
64395
10992
57542
2778
10059
51290
6790
57091
8544
28971
5990
339175
29929
4849
5775
8886
8570
2767
55741
1789
22974
80307
81572
23348
55608
23483
1795
51161
57017
64147
23368
8455
55968
25943
56265
57506
9762
22803
55857
8655
54997
27131
6128
8550
5027
51575
10741
51433
9962
80024
29058
55184
84678
55617
4938
10985
6175
5829
55614
51605
5037
8315
10961
2521
3476
53827
55900
57655
9843
29965
23415
23193
51291
55285
332
3902
8079
57062
7597
393
170961
55760
23186
55668
8425
645
6548
10558
10914
8812
57060
5996
83719
51650
4708
10726
10296
3383
29888
11213
79594
7023
10081
51324
51726
55214
9727
84572
10795
2802
8761
79603
57192
84196
1947
55066
16
2734
24137
27327
64857
57106
57605
55763
114882
113878
58484
54517
4897
1738
23335
9352
54918
11069
51776
2271
23231
55573
51168
54890
22861
83394
9552
23594
51530
2099
26575
84336
4345
5720
55012
84502
55644
55072
23256
55632
25831
3183
11198
9878
8487
7051
26277
57556
54822
79968
8773
6913
26227
1299
7430
4637
26523
63967
117584
201294
79157
1808
7042
55105
10762
8318
1312
51816
55862
9209
9117
9942
10013
990
139596
8697
8086
23468
51430
4436
4214
29911
372
54566
55151
5711
5742
23511
1384
10044
54187
55357
55280
9044
64376
29760
7093
10580
51322
1390
10101
3096
2289
6732
27154
55168
28978
114327
3326
988
3710
7738
23411
3189
80173
3717
3594
25
11332
51100
8317
84144
6319
11018
3983
79956
22931
158160
56952
387680
23031
7593
79629
4650
9424
57828
5714
54620
112755
9739
9274
1153
513
5616
4670
51257
4713
9524
26517
997
283638
5434
5442
113177
8045
4616
2872
421
27037
5902
29801
84861
51586
9342
1399
8216
6598
91319
23786
100037417
5008
23523
83874
10291
200312
23759
51733
29799
6634
23481
5594
9647
339665
8940
27128
8220
1416
4242
NA
6576
157
26088
7290
23616
3956
89781
113791
NA
402055
23598
11078
24144
23464
129138
51386
4809
85377
5435
79879
9681
9463
23331
79019
55964
11015
10521
11144
6942
150274
25776
56993
27156
7494
51493
9929
25793
9567
84271
9701
6305
25777
1727
91289
25807
11252
25809
10633
162
10042
10043
4744
638
3162
27349
8563
4174
164668
410
706
23170
23492
5155
6122
55954
23543
10454
84164
8897
54471
8542
4627
25813
25828
80020
9402
8664
23112
11020
23313
4689
1439
10478
55007
79734
6767
3560
9978
2033
83746
5905
23264
84844
50
171568
55687
5372
27351
64781
23774
9889
83933
63874
23351
2287
56948
55147
10419
1690
11154
5427
79609
6655
8814
51199
114088
5706
64841
80821
1033
10175
10668
51382
55195
5283
5684
10490
26520
2954
9786
283578
161394
10598
23002
9517
79890
5641
8846
22938
3705
51635
5494
51676
145508
2079
3091
9766
6430
1983
6547
23405
79038
4522
8115
79882
9894
22990
51527
7443
5700
89932
9252
55671
60686
5693
7528
22985
57820
9321
328
394
51550
6729
57680
5106
80344
4792
51016
5721
84312
9985
10484
51292
5411
5875
4776
5360
63935
2937
26133
5834
26090
9837
22981
958
55245
23613
51098
4605
57446
84174
55969
4773
80336
6789
23394
5203
1477
8480
7165
80331
51497
1522
24148
51012
26164
5688
28231
55257
10732
11083
54994
63910
55738
26205
54976
994
11237
10139
79133
57761
9770
1457
8760
81502
85366
10483
10398
9777
51340
23509
25939
9371
140699
10528
63905
3420
22919
182
51654
6640
9675
1869
58490
11264
128866
1471
79913
10406
191
26051
81610
60625
116092
128869
10005
57136
9658
22850
9097
9218
64863
9663
23347
8736
10627
79959
29906
55125
8731
4092
9388
23253
8715
11201
57534
5932
8780
1478
5716
115201
412
6907
10857
5422
4281
79576
55916
79868
5634
56180
9949
64743
6839
8406
331
10735
286410
4168
215
28952
6855
5355
8260
5973
2000
55613
340554
5931
3750
9016
2332
11040
7355
10084
2010
6901
5230
84061
6611
5251
8266
83692
8411
6102
9767
5127
8237
27336
7076
5303
64840
10916
5935
11279
2491
1821
51260
2717
51566
56271
80183
2259
54602
10673
22862
81602
81617
688
8428
54
5611
55757
8874
143
55578
10240
10166
3839
2321
28984
23078
160851
84056
26512
8848
23295
23361
8717
3299
11151
5595
79153
79767
5257
57149
10204
9688
80152
10725
83752
9683
23568
6367
1723
10664
65057
5432
50855
55565
79650
80777
29070
4832
5713
79918
55238
55697
79613
25839
55512
84138
9057
23659
79152
79726
22879
8312
54985
8131
23417
4350
83693
9013
51172
23406
9100
7249
26048
4833
4363
408050
64788
64428
64779
1186
84264
65990
8140
79006
79791
10273
4682
7329
1428
29904
6650
9780
2935
23059
56061
124454
6923
23062
55313
57478
3163
9093
51283
653390
5934
23475
64131
29108
23322
4150
6810
10423
10295
84148
23420
50615
51760
9738
57020
9810
400506
366
79719
64799
114294
1445
8925
9325
123263
23205
8766
1512
64927
80381
2184
26015
9455
30844
25963
64397
22995
79895
56986
9333
23359
2553
90427
23312
55192
8669
80208
171177
57617
11339
7782
50804
23678
79848
51201
55290
23087
79752
760
7976
55756
8767
4683
10404
1666
54928
55353
10940
79815
3551
5327
6788
54332
5862
3646
9694
10397
51101
3574
55156
7227
6674
54108
83988
64089
51366
79792
7264
65263
1936
6713
63898
55174
90459
23516
66036
23484
10671
203069
2936
8797
7993
5516
157697
54758
4173
54793
427
665
4125
3783
4924
2997
11184
1891
3191
4793
10382
54938
6625
1209
5971
11129
55011
23370
10848
2068
84444
55111
951
8175
4066
55621
8677
2208
1760
81492
79735
259307
79816
81576
53635
166
6449
90011
10859
81857
6618
28974
10469
729440
9466
55723
51231
26017
22870
84167
64926
10270
10994
10775
898
8725
9141
84079
6217
92609
2091
9149
2821
208
23646
57716
51588
9253
10148
55702
1155
5438
25999
6510
25865
58509
26093
11100
51343
27113
7040
22898
55101
10226
51073
973
3386
6223
29997
7087
2109
7297
11140
8775
10567
5802
1954
10945
9266
83743
22900
3978
946
7728
8605
9545
1628
828
64748
54854
587
54531
57664
5518
30000
2639
1777
79165
26121
29844
3718
6142
3780
27106
5864
51477
8178
23373
11316
54555
93436
10430
7392
51599
79036
23770
57794
7561
80714
2931
57130
64763
23094
7639
23474
56006
23080
154661
79846
85865
1021
9512
27000
10282
10135
221830
5294
5445
3696
26959
6671
29062
79872
136319
256227
51678
1687
56829
79989
4967
11033
22797
94239
857
140545
64327
10049
3955
221927
23288
56311
23554
6742
79974
11112
8887
83451
55033
84725
6804
10392
2617
260294
835
51142
3315
11333
8896
26024
7586
8662
29886
4521
6878
8976
7965
7036
64598
55131
84132
3614
3268
23658
1174
56913
8985
6119
10467
24146
113263
9678
4899
54664
2146
95681
643641
4232
653857
196
54927
26157
64983
55744
644
55665
55069
64940
6009
51422
165
5425
9275
10652
26608
7461
7458
3984
55064
6505
9355
2218
83856
10927
54981
23731
1955
9830
7046
10952
727
7091
22949
64420
80709
944
1759
2022
55664
6019
6013
55848
54662
57589
23081
81704
23189
7016
8939
10488
9827
8721
8395
169792
573
2889
320
23064
20
54926
51104
7763
1855
9124
54619
2625
26033
5264
83937
23268
22841
10613
8661
8029
1787
79009
5599
11196
11101
54780
59338
27143
64072
64115
9806
10367
5532
54462
657
9562
59
3988
56652
84445
81855
81621
6468
10360
80351
8729
57584
22849
79176
79004
51684
22852
91452
64077
23185
23560
26098
56647
55149
9644
10531
1326
10539
114815
54906
7511
9126
8036
7019
8030
8453
219771
27338
6158
57178
10105
64081
81619
23232
57532
28964
6143
84961
7343
5709
22794
51195
8787
5889
9110
4591
5023
79665
51174
3837
55163
6198
147166
80279
10951
9400
9487
2584
57508
23125
9969
2027
5216
26001
8402
1145
10743
4927
708
6532
642
1362
9527
57003
51003
1819
117246
11216
6603
3384
9144
27077
55813
1655
64149
9267
5717
3959
5193
79132
2648
5878
6945
8506
51225
2145
84687
51264
10493
55379
10014
51747
64750
1845
9343
9120
5573
7531
23531
29098
1801
5608
25979
26118
9368
4621
26151
54868
7126
90410
27346
6830
83871
57649
55161
57606
54940
23142
64854
26511
57482
8649
4790
4126
7323
5602
1998
4717
23158
27309
8821
2549
11275
6164
7466
80273
54433
2483
1182
51809
1665
51091
56606
55294
55247
55296
116449
7468
57620
10227
9693
83891
55805
55325
51274
51088
25854
64151
7358
10553
1075
91057
26610
8882
23788
23360
7007
6309
3312
4013
3338
54414
9404
23220
23130
10938
5007
81622
83480
28960
51111
55572
55291
6484
1374
595
79080
27339
79073
10612
26973
25906
24145
9828
22897
50862
1982
3587
374378
329
9354
1656
7379
867
5818
10114
25758
26273
8050
29099
51296
84680
55626
8567
79829
833
5002
975
54733
55553
10944
9600
6207
9049
4928
4728
10312
1119
23086
11234
2965
5450
8496
25766
969
11108
9976
84274
6404
23603
65981
83892
4891
9761
4598
81566
10645
51411
51561
506
10728
605
65117
1594
8825
2735
10988
4048
2004
81029
55110
55846
2305
57097
10094
51184
51699
10635
10019
10566
80824
1389
80724
217
1027
80018
79676
8099
4940
4939
397
2967
1967
57696
81539
79794
7421
5985
2054
283383
22818
55832
5869
56890
57122
4848
8914
11052
11103
51258
2597
1108
84519
23074
50813
51147
83461
56994
8078
7167
79158
84727
2026
1822
113246
5777
10162
51559
64426
51026
3945
5564
55907
29915
6489
9847
57379
11021
1911
1337
NA
55188
8683
NA
26127
10384
51567
29940
51389
4117
51522
55003
2651
57150
4739
387119
84830
25842
254394
8732
4121
2570
57515
51020
135114
135112
9750
23328
10090
26271
54516
5467
2178
1432
222658
11329
6428
6648
29074
4172
9025
221692
266727
22858
26268
9308
23195
55776
60468
79865
26036
9532
51715
81491
202559
26235
892
1871
10973
9439
8936
2822
7915
202
8875
55856
60682
6206
81688
51053
55084
8724
10767
10475
5191
9841
9896
117247
51696
9749
7957
7922
5252
51596
9444
7942
896
705
84498
6908
2979
23506
5528
51069
5754
6722
23113
10591
56940
55770
1347
55754
2762
26054
7422
8899
7272
2030
11120
55603
53405
57666
59084
9450
10279
55914
23438
83594
55722
4124
11044
3157
1611
10902
10112
23530
10884
3313
23107
5201
1839
10307
55374
6678
3550
3156
10087
23197
57396
55819
54974
411
9685
7060
57472
3593
7265
4437
5924
900
10622
29102
4001
57561
64083
10923
83989
6897
4012
5144
5810
55299
5618
10723
7903
10007
6500
9631
2908
56951
23398
373
80006
10802
79770
23548
5917
23286
9555
10915
4090
1452
22993
57222
5159
8992
662
8614
80315
1627
23567
1962
10051
58515
93973
55171
51300
51185
3081
84100
942
56954
26355
4968
3836
5096
7337
25852
80321
55186
9616
7029
54464
8850
11235
5210
1294
5576
3280
7375
23527
1894
2771
10342
11334
10641
6152
57415
8087
868
56987
55081
59345
11148
84223
2632
7372
22916
8723
79669
23150
54946
5361
523
80325
50512
23276
22937
79858
11222
51409
1154
7867
93
57599
51122
64689
51555
9136
10057
84836
10289
54800
23007
25981
6747
92999
4820
1181
27086
1981
28972
6787
54891
1933
1716
55233
55683
81562
6242
150465
3552
200576
51011
4691
10120
80255
7535
10096
55240
57669
51639
9540
51277
10254
2820
1058
9595
90
85461
4358
2976
8890
29959
3676
10213
9784
51130
5496
5136
54760
64135
6209
25801
7841
64427
374291
84759
79745
6711
550
57142
27429
84695
1796
2591
56655
55704
9801
10314
84128
55120
6772
2744
64895
1768
55825
25972
84173
9736
10575
2677
23301
10190
80219
23451
8869
9486
79031
25843
3336
55818
51652
7701
3554
8809
8807
2274
27013
80146
8576
3069
5510
23178
10494
3398
9014
3241
4953
57448
79954
55041
26003
6801
10153
23683
80067
22930
8604
151393
3938
1615
6432
6382
5334
6509
6654
8942
7456
4999
9167
56902
5000
5341
1386
63892
22848
66008
54980
7072
51449
2034
1820
7341
4780
2956
65977
6697
2043
10056
7840
607
5396
1718
23341
4139
79906
2882
27101
6342
60676
55103
9731
9917
127428
9528
115353
49856
51253
23463
6146
5768
6814
148479
54206
11315
57535
271
6429
51102
3749
80267
79084
515
5906
3065
829
64766
127544
10067
55223
55870
58512
6421
58480
54856
9181
28956
4209
85440
6723
26270
81563
54823
10459
9829
3953
10625
90231
9927
60672
9887
4688
23169
5321
1647
7799
5997
6738
51377
10286
9295
1491
79814
23207
1429
10745
7709
965
339488
8458
23046
252839
54936
55700
10352
127700
64960
149371
8443
54955
64121
4811
3964
84618
4548
656
4610
57568
6018
8564
127396
9132
9783
10000
2117
34
6504
962
23266
6390
80135
10765
6675
1486
59349
117178
54680
5929
2635
2633
100861548
653519
8934
1889
3155
2582
3399
1380
4179
9129
51107
64175
6513
10969
991
9670
533
8704
79033
8643
10327
5052
8503
10103
8548
10560
2166
387338
50999
1810
1266
23215
5825
8674
51611
58155
7292
9588
55157
27042
11123
25949
57035
55758
3925
56181
57134
4751
6195
79947
29937
25936
8289
1063
6118
5511
23673
54996
114883
51060
57488
10849
23184
5955
10274
6794
4297
56912
11133
6230
9928
83479
23271
22926
55686
22868
8828
1385
8609
9331
79630
4033
9789
57558
27145
9994
9324
90025
1268
81573
23469
5325
84085
7128
9465
4602
64577
6446
81847
83449
26234
80306
9194
10329
80264
8673
64858
103910
2309
6185
60436
5311
10983
64747
25782
196483
29855
11278
64342
60526
57539
894
NA
22936
56171
57404
4709
9330
7320
9615
687
9414
9270
51692
80235
205564
80212
84886
55127
9991
5887
23307
8727
54942
89891
6418
5524
2733
51552
11064
22954
26190
26147
10783
54836
5537
4702
81932
92400
84263
79109
8013
27130
57706
85365
2531
9525
148223
84878
56252
26094
283571
51077
83982
80127
91754
97
112752
10577
83544
64207
10965
9870
27030
23093
55640
5826
1743
7043
79696
81892
58517
4329
8111
2103
8892
55051
51004
23433
9913
114818
1788
54867
54454
64225
51646
25940
84272
54812
29094
53335
9419
26503
79627
55719
3416
3437
3433
57678
51076
84795
26507
4601
10285
80007
3070
26123
404636
55717
79591
30819
159686
2805
10672
284058
3213
1843
79646
10171
79886
79817
29126
348995
25902
5110
57480
80231
84418
54853
63923
63931
91687
92344
39
6950
399979
79684
51248
84068
84955
56943
84930
56243
NA
84898
80314
84318
6883
55068
8600
9617
29103
80209
51569
11193
1997
10808
84078
29880
11340
2107
51307
64374
51247
51780
1958
27230
5357
22835
7181
27340
7112
400
83468
80298
8835
4801
51019
317
1846
8795
10174
2185
5533
64236
2053
81790
29914
23435
943
51123
10434
10987
157506
8165
8161
7706
59342
8405
10237
389240
56155
81558
23397
23240
64282
113
84902
55268
79912
79370
55269
256051
65982
10520
6045
81627
26984
64091
8702
80218
941
81930
51029
9479
1408
9409
91614
847
7750
2700
64786
51538
10657
55116
84265
8743
51193
5290
23244
80008
11019
7579
55791
57413
29899
79712
7852
84083
92
51426
6144
219402
2971
5412
84248
130916
54440
4952
51116
54900
57179
1314
51744
4063
5930
29066
84947
311
54537
84293
7755
6125
57489
100505741
54482
127495
84146
343099
79871
80148
27241
5395
83637
989
80820
55975
64224
11335
3181
84668
11328
51251
10124
51622
27434
55234
152007
1211
8434
138474
48
79269
57670
8805
78996
800
5552
55847
1959
11319
5033
8034
11130
9559
9904
11113
28981
35
84329
79039
23389
1031
26994
79365
8082
3709
55297
11059
23597
10549
10212
5585
79002
976
84292
10755
57213
84650
540
23091
57486
64105
10133
466
10102
64333
3071
65244
29095
3164
5153
1017
4035
60673
64375
23583
10376
55709
64756
6491
55355
262
29078
85015
9643
139231
9367
79828
79809
9111
29994
206358
9926
55509
57826
5393
81579
80776
79934
5208
NA
23682
27161
10608
1164
2181
79586
23549
6560
84080
116151
200232
79183
57580
6385
8202
51604
57727
9217
84612
514
84181
5335
84969
6431
10564
57169
128611
1434
57403
6780
60437
27304
8675
NA
56937
55905
55661
55653
81030
140825
4552
79072
5184
6845
10617
55577
84693
400961
11017
10199
10396
23326
79983
7596
8239
2162
2914
55809
29993
10385
23408
57380
56897
88745
54718
6631
5269
57510
89845
3007
5190
4835
NA
221443
222643
57505
3024
346157
8970
26212
6903
9587
116138
1769
4201
1026
6659
2739
57699
6239
6745
83732
51000
10799
6310
9972
7913
860
9208
2069
79026
55831
51066
54436
23019
26231
583
4502
80262
2806
55715
2841
171425
84899
5911
10257
1948
9375
78995
3659
65109
7737
23157
55026
4694
27109
5732
8603
2868
6662
399512
51081
23163
79637
79902
60386
57409
30833
55154
10485
7270
9329
64794
54776
79143
4987
56731
79144
84269
51141
84172
54520
23550
79085
5623
2962
84266
8192
8744
57187
5469
9349
NA
84938
970
718
10045
9322
56927
8740
2354
80207
6633
6253
24139
7408
8189
56261
80025
284800
64412
63908
1059
9491
92675
10616
56255
140901
6628
80023
55317
6238
7692
8195
11034
24141
6629
92667
128637
3704
83541
64949
8698
56926
10236
80818
4149
100529261
63941
22913
83658
8894
51614
140823
11190
5326
101410538
2925
8242
154796
11070
5690
192669
7389
79639
79654
3831
7517
10426
23263
55795
79414
79713
826
84306
79171
10054
10870
2864
1340
7067
1236
9572
83786
25824
83596
3661
3276
6237
58506
57479
435
51119
6776
65266
8678
10131
84662
84081
22826
27245
2537
171017
8409
2002
10245
64430
22863
3895
9787
112849
3306
22890
57570
81537
55288
2123
55112
286336
8021
8273
5605
3188
1678
55906
821
54973
6003
64768
83744
89846
59269
79717
1350
7186
79575
84239
92797
5908
117177
8445
8089
65999
3425
53834
84286
79000
5300
54850
23065
23352
50809
30817
23309
58513
10365
9002
10975
2671
9143
9088
84219
63922
92755
23499
6597
23030
148022
84190
83460
79066
7277
14
25953
55504
6049
1892
10142
7979
3092
5782
5447
10875
51657
5387
5189
7978
8910
84060
64921
163131
57622
7538
10606
5471
85378
79924
85359
54487
57168
29802
23753
7533
25775
4248
468
80833
8459
80115
4357
7263
23780
5880
3976
200316
26150
NA
51234
92521
9732
25913
9296
51691
79706
5420
57464
64792
4289
4189
813
64753
6608
3663
10234
23008
4698
6183
4430
10651
1123
NA
64172
94101
8520
8924
56984
57045
58504
57705
440275
55930
84952
29767
146057
90416
54617
79664
8854
54629
3712
90417
1854
79094
10776
54832
56906
25847
8930
1315
5682
25870
23022
60559
26297
7166
79733
1635
54478
84268
9098
5338
84817
9513
10749
9526
51105
904
83448
65095
3609
57153
1032
25983
11035
84932
599
10038
25938
58533
55837
112399
55320
4901
4738
1603
7011
64097
7905
81533
84074
6397
79651
9459
79649
9070
80185
57053
151648
83855
58986
83475
23383
81926
863
2593
8226
55780
55274
26290
84766
9754
6303
54552
158747
57572
51295
3949
84337
5589
8881
51337
10452
1804
23039
147965
9667
25873
148229
84705
684
376497
55695
79709
79016
64981
25796
51690
56995
51429
84816
55278
51250
83861
4298
4301
81
65975
4705
10095
57688
23149
55201
113730
170463
9518
54858
80726
25804
3727
79230
157922
10422
140685
85441
140700
4046
1289
25814
10844
1571
375775
10298
3110
26152
64793
6874
3911
9885
11047
445
23404
10585
83549
27243
9040
10155
84326
78992
84971
1968
54958
23211
9535
4294
57470
83667
27293
93974
54797
9473
6249
84660
9026
57693
8666
83854
55337
1786
79088
1736
55558
4354
55422
7776
91574
25926
10277
54897
22927
11046
7317
85313
9590
23345
9113
10288
25980
9584
84905
2686
55902
60401
23229
529
7770
126299
7700
6370
1327
10328
23199
NA
51659
5119
6451
1349
2161
80758
4772
10487
5538
84440
51132
22
7187
93323
84658
64432
9467
26061
9779
23473
23180
84077
6533
3748
9476
256236
7376
11127
4245
7283
10197
6155
29893
8639
47
84313
314
4695
54882
1729
80762
7322
60412
116983
54991
8500
79228
84231
4814
261734
4131
3597
54521
84240
7153
10948
5914
8799
2330
10401
5565
100132341
5160
64087
57343
79149
7691
55829
22856
6627
3996
55145
85415
83636
91442
55860
2643
3958
3337
65249
84261
5989
7568
79173
90379
54862
6737
10489
10693
22907
5894
5468
23225
84824
51478
55556
84034
23647
85363
10346
23378
23167
55037
10989
51318
80895
8864
5791
5901
5562
84674
23108
23277
51763
10514
6117
7326
60678
57533
85013
51805
25957
23480
55915
63979
2926
3512
26057
57050
23558
3021
85451
9406
1984
23135
54739
1742
10247
157680
26166
84105
6388
2319
26284
54496
51388
7014
27183
92154
63926
64773
22903
5111
29107
10621
5786
7818
22889
9826
79368
50717
23208
3508
91703
25974
1802
114034
4678
56259
140831
55544
51526
10955
5509
29958
8546
84327
10207
8170
93611
79363
842
51164
23281
9205
10208
64328
93492
51371
1024
241
10354
4628
10400
6341
23164
5287
25778
1118
254428
57511
23111
94240
5994
7178
55425
9365
5983
90627
54885
79921
84923
201266
2048
10250
55643
84787
84330
5158
23640
1455
84250
55748
28992
54663
10313
5920
54979
4629
123811
84246
23037
22880
9215
84700
66035
114904
474344
90956
23608
116988
84626
79970
57180
694
91298
79572
80195
83857
3845
10526
51520
3612
85444
1875
29080
23075
406
272
81846
9645
22800
3295
196441
51669
79845
5977
4221
11161
80017
57578
8650
79820
51241
23508
10001
1965
4017
55140
157310
9811
8932
92259
891
1022
4064
3656
25917
7428
8553
55207
9695
10752
4212
89978
79768
56851
55119
10451
84722
26191
6272
7482
10542
4853
80263
10390
9398
10717
8774
56907
51535
377
79022
54407
51054
10971
57498
9475
91543
23175
129607
285148
3939
3572
89796
79577
10440
6210
4677
57614
84893
84991
3559
54522
79746
3601
902
85019
284252
91768
1794
6660
1643
53
8933
9363
51634
51765
143689
9698
8565
1912
55143
29889
192670
51361
1573
91408
23318
84950
51444
55250
1837
80206
25941
29015
26519
9704
9415
746
55858
9575
87769
337867
55082
7174
79070
79587
3703
2113
219855
324
9315
134430
26578
55312
29979
60560
55071
301
23670
23287
51280
29968
81689
8728
84868
51347
84749
23014
8638
84900
5025
92558
1840
10906
9988
79161
57639
85025
50640
60561
6733
375616
26136
29969
25821
22881
80759
22832
4907
55122
23595
167691
6885
79899
4005
51317
55226
79056
4076
517
85406
967
10677
10220
3679
9840
84070
116986
1019
10024
6302
7024
93058
9924
9700
3855
91
10956
84946
9053
8763
246269
57224
54806
5570
6610
64780
85021
8676
7006
84279
10505
10574
10322
84865
2016
27345
9958
2799
1368
4193
79786
53630
10200
9764
1783
55336
29109
92922
6553
100533111
80003
3775
9816
22796
23456
84284
27097
2752
10228
6041
1660
57710
9857
80896
116496
5279
3915
149041
9290
3431
65080
5077
55619
9654
57695
81618
5270
3300
80326
64114
1593
9470
80210
51719
1329
51455
80705
84804
55654
9392
9648
64965
79074
375248
26122
23479
160428
55681
10970
10154
55198
11137
55332
23325
84102
50853
2317
4752
51028
79621
26586
9882
55901
79866
23143
8803
55213
29079
51131
100287887
83548
4008
9445
10253
55270
1102
3936
83852
9805
64759
55501
10643
10457
9771
5879
11097
55146
313
28969
9238
54606
3364
28988
83605
64005
80727
27141
91875
85446
10588
11173
58489
3658
57538
53346
10518
10241
55316
4836
84073
6426
7716
55852
10238
83990
11143
64108
86
57129
6434
64844
57471
10010
640
6498
2058
11311
3586
51133
26750
150472
55627
55339
84317
79595
274
92856
9394
56886
2995
8027
10006
10730
64215
25934
56262
1025
7295
4957
23392
27348
51759
10592
1861
9649
27090
7111
153090
29988
55755
7539
1318
1317
7743
55014
9128
2356
10868
570
9550
54881
84253
54534
8818
158427
5695
51531
10244
2800
7507
4686
10541
5082
11224
81873
5168
79075
79139
4609
90871
26953
64425
9373
55833
54840
152006
7094
27240
25822
11258
971
51754
9380
219
84904
55667
6194
10695
116113
51645
89953
63971
7746
5292
2766
23070
25844
55362
10817
93643
27283
3662
7280
55227
670
8737
347733
84300
3159
6941
10211
8870
9656
84547
79969
7172
255488
11270
23787
129685
51439
347744
132864
85462
7097
9873
408
11309
5612
338699
10068
4926
60492
54843
27314
58487
5547
79731
55298
29088
8836
81796
96764
6386
4750
55601
6653
84811
7225
4316
84259
2542
25833
5962
5519
2230
64776
84000
834
91801
5607
440279
58472
51496
79811
23005
51203
51103
9493
57082
55142
23168
56965
6176
54839
27229
55177
3706
55075
5330
80021
102
54816
10017
51187
51332
2644
8412
79739
54874
56267
2959
5876
10964
54810
10561
204962
653702
1629
8634
26160
85465
3032
3795
109
87178
51626
80745
1545
5861
10097
10113
8884
9581
11117
80204
6496
51374
79172
10128
1838
10121
79847
57559
84896
3832
1847
51063
403
55165
9585
953
54536
51163
23317
310
317662
51008
6229
80312
1763
471
50485
580
6775
79800
54529
29081
6741
4664
9360
79675
57520
3417
29789
9541
6744
150864
55759
10152
3685
55032
84925
57337
10063
83666
55329
9101
9728
29766
84888
26035
90525
83464
81556
54956
60490
8482
84993
83478
10144
55008
51191
55345
55435
51138
3184
153020
22872
84803
2247
55212
84162
5910
55132
27163
53371
55589
9908
55752
80144
950
901
246175
8615
8999
57619
27068
1062
79807
57117
839
51176
3033
9061
10427
5530
64116
4547
23162
5998
83606
91445
64098
283358
121506
2120
23710
55605
144402
51067
121512
84920
58516
121536
254013
55500
85437
84216
144165
51279
9746
10219
6843
55080
939
5830
9169
84298
144581
121227
92979
83729
11010
22822
55266
282809
160418
6636
144193
121441
50511
429
283431
114795
121260
6996
84934
113675
326625
51228
9815
84260
9818
9107
283537
6541
222484
6821
6895
79035
90634
675
54934
91012
7786
3695
11226
51380
55716
23344
7009
283373
283337
115825
10161
2098
5925
55206
23067
79720
54509
8562
81624
122060
64062
10150
84945
55647
8451
64403
161253
643866
81542
122786
57161
6252
145407
145389
122830
8816
376267
112840
2100
85439
8477
122953
122481
122616
7453
91833
81614
9990
4236
6938
6652
10169
146050
256586
11001
663
2958
6727
22893
146059
7090
8125
54939
92912
9051
2108
597
10363
49855
10099
80349
10499
79661
4123
55466
59274
7168
3480
80119
9960
585
5371
55180
25989
5046
10066
145864
5428
55215
11057
90381
4240
374655
55898
55784
5045
8826
64784
79631
23478
84656
5373
3687
64755
79798
5073
79068
7385
1039
55114
91807
85407
9785
54957
463
221184
84166
10300
283927
123920
8996
81631
8720
23174
57707
3394
89941
54925
6187
4716
5170
91151
54849
22980
2588
2622
55090
9611
8533
79018
57336
8844
84916
57610
1506
81577
28987
5636
58488
10040
55028
10140
55275
9905
9520
8631
90507
85464
162494
22901
92579
1213
54828
51651
6760
6875
10939
10650
3613
25800
55197
83608
2589
64762
114799
29919
27043
4864
6563
409
55135
50488
112483
23533
7157
396
11322
9123
94015
10966
9775
1453
51529
6904
79672
26502
57521
3607
201292
57332
114804
22994
56270
8535
54808
4152
4089
8792
54877
5366
115024
162427
2064
84299
3487
10907
773
90378
23476
4782
91978
63977
5211
55527
7409
93343
NA
6455
56931
91039
90324
57677
23410
10410
80162
3454
6647
150094
7226
57410
757
351
9980
9875
207
29949
2014
10055
114783
126374
57140
11132
4542
105372481
126208
90580
10498
115704
55244
5694
89790
25888
6205
23521
90353
51070
80110
6518
473
128272
79180
5195
5226
83442
10256
6135
51042
127703
79932
55194
10733
9064
54707
84958
23038
3339
23421
26135
8915
5567
10026
6202
11004
8543
22823
3321
90874
55917
85369
5686
128346
963
1952
8515
223
481
261726
29922
57645
25874
8804
55827
9095
7371
54499
5451
387597
4259
55811
64326
51506
5498
2212
83540
8490
6391
5202
27005
5546
83416
51093
79590
81875
3068
27
9213
6004
26092
23179
127018
58497
7286
10262
1893
57592
80222
57530
81609
9869
4170
1513
5993
5298
8394
81611
55793
29956
2029
645166
65005
405
23126
54964
84072
55204
126626
51514
8444
1939
25896
79805
9015
56950
11221
7159
57198
8751
10899
5872
7170
91181
23557
11000
9898
10456
148327
3782
25912
57459
3608
6016
65123
57657
128061
2590
79573
51097
1130
84451
9859
52
116841
6726
4931
163859
8560
23219
375
29097
3707
2987
8476
149111
79169
129642
142
3930
2052
8497
22874
5778
127829
10130
388
92906
130589
79823
27436
494143
6233
51057
51542
55252
54465
6637
9391
23020
51002
23233
94097
8446
4867
5899
80775
11159
6574
NA
84524
151313
129530
3899
23190
339745
5433
83607
8502
57282
79634
80856
83879
130507
165215
3329
284992
151194
5746
65065
151050
79582
26154
285362
84236
57007
339768
51281
64708
129563
2177
132001
9686
5868
79137
58190
9125
114790
29926
85403
51143
27303
114884
64651
54977
2803
9922
6161
5793
55164
115286
9039
10550
7110
26018
NA
8994
64332
91775
22989
90102
55347
51365
285282
141
152404
64422
8856
58477
116931
83939
114885
7220
57552
4026
93109
9711
6988
9730
7873
55840
286676
8893
1609
81608
55646
1060
10699
57205
132299
79966
51316
58478
93587
57563
93627
817
493856
287
92610
166378
890
57721
54532
80854
92345
55016
6189
84869
285440
4726
10299
6715
4651
54491
6167
6502
10769
5295
10184
23635
256006
10788
5921
54826
23262
5066
55814
2966
64924
689
64839
83890
25816
56929
51397
9140
81555
23092
9879
91937
153830
81545
78991
10318
10146
91975
23138
55651
64777
91272
57451
340156
51256
10667
54438
54901
153527
26249
90933
54540
27242
22838
4594
79930
29777
170954
23500
5558
90523
221472
50636
401262
285855
4794
134728
55023
253714
10957
135293
57038
256380
221322
154214
93663
58527
116843
113115
154091
257218
51390
6993
26230
57583
154197
9589
9202
79624
2768
84310
221935
375260
221960
79034
9586
1956
113130
5814
644907
4191
22932
2631
908
5723
168374
222255
64418
55262
56996
64599
89122
84928
340351
92092
55281
11011
64434
54892
57502
51631
30011
8573
7403
4478
85417
7569
56548
55634
54539
7592
9203
6872
84636
4841
90060
8473
29934
26548
3561
93953
7552
1730
5631
55086
139818
27316
79648
9258
26260
50814
7739
1069
6134
55790
526
55246
79618
8973
2796
55909
9046
51312
91782
80005
11212
11160
137902
8601
6867
51125
84513
84296
54904
85479
28957
51110
7013
6129
115111
55638
92140
29967
9166
5440
8667
84294
4715
83940
7553
80728
55630
93100
7436
50808
115426
4781
123
54801
1029
203228
84186
26267
10280
220869
84131
4915
414328
549
84641
84909
58499
58493
7357
401548
2040
2934
92399
2649
286204
210
23245
114987
54107
6836
6834
6835
6838
6837
57109
6130
9328
140459
80142
28989
25792
114789
56904
84895
90678
57720
286257
56623
9919
92715
4851
774
138151
254427
9712
22921
23590
221061
80013
653567
6251
56288
6935
29982
92211
11128
26091
83938
818
2746
10556
118924
120
54788
1979
6934
4288
282969
80313
92170
196743
9446
6877
23082
85450
54805
22984
6001
84280
133
2620
55327
57689
196294
27315
7762
51144
51074
8525
10480
85456
6749
8501
5795
79096
84364
10658
51501
60494
143686
23052
79780
871
726
92105
5058
6188
85463
54970
4863
472
60496
128710
55004
2900
10525
57325
26007
9219
51524
3992
256364
3619
9651
NA
79869
26229
9538
80071
1111
9638
90952
51092
84866
6876
79980
140710
140894
149986
54915
81928
220064
83707
84304
83706
5331
740
2197
7108
738
5531
8479
9344
124446
22866
53942
143098
3688
51503
84159
55208
55002
219854
114609
221143
26524
10284
57536
4253
130576
27250
2823
116966
79839
10666
161835
1740
54545
22948
134145
85458
1737
120379
55216
26521
5805
5305
2308
51232
9871
23457
196383
57647
7316
3708
23657
25819
93589
196513
55768
54995
55293
121053
90488
89910
288
253430
144715
196463
9231
114134
283464
5756
22982
1977
9223
93081
1456
153443
9472
283635
51562
2132
129787
65987
10873
81792
80224
140609
2241
63894
57182
26019
8872
132320
83643
132321
55691
5800
2059
27034
29087
112936
23310
143187
5860
57700
374618
79691
166785
152485
4306
101
22944
5281
150709
3628
54842
9781
6868
2313
79682
2180
291
196394
636
60485
160857
51594
60558
26278
55835
26272
64417
56477
79668
143384
667
221336
7073
9531
144423
130340
9910
80097
130074
5784
150776
4249
81615
253635
79833
79596
57105
115761
26040
120534
57724
9050
498
115106
147339
57405
5163
5140
10618
56659
127933
83734
134359
6695
167555
117143
2977
143884
133746
9456
7518
284309
10172
79723
64421
10557
9397
116412
219333
152137
814
55521
678
255967
5213
114908
79925
4154
133686
23171
55676
25780
51128
160897
79819
10160
24138
53354
9987
7402
5796
51351
153562
5884
9412
285672
10283
3140
6728
64946
9425
23589
55024
51061
55289
10018
64682
831
60592
1070
8467
221711
654
653489
283349
3192
5903
25909
10461
84910
4929
130940
5937
10225
51571
50807
22878
84791
79888
57407
124402
3621
121793
113622
112616
7342
64795
22934
5789
2960
10428
55625
136895
221895
80790
9320
130888
1054
148103
255231
140890
1105
162282
8526
9653
124540
221302
284161
116150
223117
5529
10750
26256
55364
147463
135154
404550
56172
90268
84959
84897
4900
54463
2838
9868
26207
200014
204219
5578
79705
201134
10350
23460
10349
23461
5169
7345
375056
84976
23043
83648
252969
84033
91694
81559
126731
57630
115362
9184
388650
518
8470
6921
23643
NA
143471
10950
54149
140578
4685
91133
5137
27342
54148
58494
522
2551
80746
146857
7508
51244
285381
92106
23228
30827
220134
9989
63895
284047
65258
NA
146956
2047
84532
91369
7566
81552
139322
113612
80028
221264
7071
5799
51582
528
55529
51633
23097
112495
158219
55326
64210
55361
83742
118813
152992
81894
6782
64092
29761
65983
54819
388272
4343
389
1622
6566
55027
84365
5018
9056
23367
9337
2890
136332
133383
166968
23165
342357
138241
118788
129831
7273
9601
79831
130535
285172
130540
65062
64798
56254
133522
9844
1836
134353
158297
10670
92370
5922
55005
7411
116442
1193
2334
286097
23426
137492
23362
138199
90550
91748
118491
145483
132
3778
10538
1633
286148
137682
128338
157657
161502
57188
123720
29104
10069
10600
10694
56911
571
7074
57466
6103
84108
122416
119392
118980
9556
7381
51001
9791
6156
159091
6832
159090
1915
286151
3098
219743
84295
135228
9246
25921
219541
60685
27020
23522
142891
80223
219970
10813
9131
5603
9530
931
93594
55093
29028
114907
286053
115509
78994
64319
391059
5261
163786
115416
23355
2585
93010
701
5147
1974
7862
285367
9797
6396
9941
123803
81626
9372
23049
115548
11030
6854
54953
1376
55707
7804
22976
261729
23648
9069
4323
8321
57798
203328
NA
10901
6483
197258
115817
776
132949
7567
54778
9133
145773
4643
26060
1831
10311
1859
2114
90139
347734
84187
4599
90993
25966
257397
124565
257169
445815
9162
203197
79856
254048
673
84262
9478
57728
84255
10239
114793
150946
121665
9364
127281
8764
55229
84465
64897
5192
11079
6497
26100
26119
116987
200634
5051
9577
144406
63875
1844
57822
91544
338323
138639
79623
4690
114822
127262
195827
55113
26504
2140
2176
10163
171586
55179
81035
388591
8450
387509
64849
26053
3017
995
8365
129531
9669
286527
55571
340348
9542
23382
9334
9825
911
NA
55199
653361
90121
124245
130617
81544
5207
222068
84919
26958
56946
137964
168507
9753
8407
2005
85414
54935
115992
50848
7391
124044
4817
9191
92822
10361
65018
8703
64760
4720
2207
84134
4359
57805
56990
51735
2035
54069
79053
54461
8867
94104
3455
124995
3460
2618
6651
29980
9900
1465
516
65264
11267
54102
149473
861
873
23515
8208
23562
3141
201176
83440
5763
51094
51706
5710
23400
5692
7832
3099
715
8659
57519
117145
197131
267
112950
64843
89970
149483
60313
8883
51249
221188
9813
10417
84303
1487
NA
9114
57732
146206
388284
6002
5681
7791
29
NA
150275
7773
203260
4882
7638
353355
9310
10020
115650
2909
5739
808
1676
79140
55721
56063
55108
83858
29101
118424
149076
2063
126549
131076
203547
8997
645332
9619
64699
53347
89765
54020
5152
10785
4731
5316
875
7307
11077
23076
8566
2539
1476
8568
56894
7109
139716
8209
23308
755
7617
81543
3689
85395
5900
84221
4047
7410
8888
54058
5116
23181
3275
7757
11093
11094
11182
388561
148206
126526
27433
92799
112724
10444
84885
29941
57731
57551
9442
162989
23387
196264
120425
284086
116238
9159
6294
26097
643
51043
80308
6464
55823
79671
103
3570
55585
200186
55129
2224
23623
2630
10712
79957
9673
4000
23218
151903
56893
221908
54865
115352
2264
1576
112939
3101
9592
84124
10898
4061
51160
4796
84939
9401
9684
84449
84988
80228
54784
10603
51149
8878
11282
6132
9794
222229
222235
222236
5701
126321
373856
150223
1857
1173
55324
5130
93099
622
199745
84911
115399
93210
22806
2232
29115
51
5635
6427
84765
55260
126133
25946
124801
284361
126119
80174
91010
29127
113251
125950
256126
147841
221496
221442
400569
388325
26168
51728
79622
197335
339123
124093
90864
80178
899
57465
51005
124222
114984
7627
115
22941
81570
10825
220002
220004
80150
51035
79081
283237
10629
10482
6811
283130
6159
84447
7542
8986
4041
219931
51727
65260
79699
54987
4116
25973
23358
79707
9903
57643
10691
57190
205
3716
84328
284723
9249
7805
553115
5928
81629
255104
6339
199990
149233
114803
83941
7398
8880
91624
11080
127255
127253
22854
284611
113802
148423
126820
2634
127002
115361
284695
164045
2672
178
2135
148867
23528
10092
84838
93185
4921
8682
23385
57216
114836
127943
28982
467
64783
79961
126859
51278
25992
10380
128153
148362
100288142
51205
128025
55083
64216
163882
129285
165140
23498
148789
9261
9214
5284
824
128308
80232
5966
150962
5194
84542
27185
51072
84661
129450
79568
130814
26225
130162
142679
112942
129401
165055
150726
200420
80304
79677
90557
3020
151473
6443
132671
115677
130367
56916
10611
285555
93082
23248
200539
1520
4487
133015
149428
388695
79005
29765
6944
2071
284996
55677
388962
10602
6282
90957
9938
151195
7855
54876
132789
152559
152519
118429
113510
51023
8545
84142
151556
10654
57326
90780
204851
55765
55249
84541
285203
128240
56983
55356
476
6565
116064
92703
92691
80128
10109
7203
84283
6746
64320
27148
152110
285025
57650
57703
64343
7048
55139
79885
83417
79411
201595
131474
115350
151246
5274
23122
8802
5584
4332
149628
3428
9447
151651
56648
200916
151742
130026
100507246
23429
151987
131450
29083
25871
57577
23001
285521
5783
132989
80145
6314
9861
166336
152926
8833
25976
57018
8820
7871
6133
201895
11102
57406
1776
200844
54502
323
285368
23350
64419
151613
441024
25898
57047
2992
84343
11073
6259
54861
130557
22950
245711
57456
56992
23160
51304
64866
54585
79443
1230
79442
54859
151636
7707
349565
113444
131601
55689
80149
64769
79753
5437
200879
90407
6184
59343
55764
5984
116832
8314
7086
5580
91869
51460
26354
55193
57654
23272
50650
7884
4043
26043
165918
54965
4241
84448
64789
114625
51058
9255
23173
79982
3015
150159
133308
56898
10424
993
51385
5364
79714
84126
51246
10252
327
27152
63891
22824
256471
80167
84315
4486
23132
51368
1849
25886
132160
80335
401152
3148
8819
4085
308
79884
2982
26269
80817
152940
55314
80155
3600
729830
27236
23379
6059
54726
11157
55751
90826
4338
153396
79993
91942
92255
25836
285671
84059
91137
134429
5229
153733
651746
134147
401207
133619
55109
55255
4724
3360
134266
153642
22836
81789
256987
133121
836
201973
51752
64167
202333
57587
253260
167153
1879
57763
134510
84135
10412
84340
133957
23176
134549
27089
10559
2898
115004
167838
10370
6862
153222
285761
94081
154075
114801
57107
134957
221955
9263
29896
55568
79685
6208
10466
154743
10569
6100
9232
819
285613
8645
221458
7559
26872
55536
54468
222223
25862
285905
94120
154865
23462
2171
117289
92421
25798
22853
1508
107
3174
5828
5885
90390
5260
23514
5001
54919
734
23353
55074
NA
115330
2852
79778
761
26173
1020
6522
10922
83590
51808
501
221937
1345
116039
7534
8323
25879
94241
55656
25962
2669
54704
91147
9897
138716
203259
6619
318
157378
11168
203238
51271
6850
55335
19
4783
137994
55798
256691
221656
138050
80318
55582
84267
3190
NA
203286
11244
6990
58526
654817
158405
5277
2277
55342
26130
84270
195828
139324
4712
65083
158234
7415
84720
30968
254065
9833
94134
143279
254170
203522
7486
220972
7253
1073
10910
2957
219654
283209
220963
3636
51084
221035
221150
221154
220042
51585
122769
6166
55172
11067
7570
23588
161436
9147
84881
382
123016
122945
89890
158584
11164
51339
509
8559
83860
7417
118881
118987
23172
169714
63877
64324
10935
10495
27069
6621
23203
10807
158067
11092
7248
3251
118426
116225
9188
9790
282974
65991
90809
64745
26012
51222
840
55088
56339
6297
142940
53349
259217
414241
80019
144455
143872
122961
283310
91252
5702
5913
79841
123036
53981
341346
64112
122509
3429
79789
9317
783
9200
221079
56935
85459
79101
25841
27291
154810
3990
9702
255394
161742
11245
83700
84706
51762
121457
27079
55662
84936
6692
2200
120863
29117
1152
115708
8945
27343
9529
25911
8539
57567
79803
123228
9221
221120
9318
10818
10576
5092
25820
1353
7753
196951
252983
8065
196446
54838
717
79156
119504
6609
25961
160140
54765
3611
6881
1200
8642
81832
118490
1528
159195
5896
119710
374868
8495
51700
9710
5271
79608
3419
122618
84460
143570
9866
254225
6157
6764
124359
55839
56672
23300
440026
123169
7702
54495
7465
5598
5579
50810
4176
7551
7589
57494
7084
23423
90701
65084
115811
81565
201161
51647
7184
10904
80063
780776
80975
9382
144100
80095
567
9640
113201
164
162394
117155
9665
113174
5479
84191
63901
9768
8800
348093
89797
348094
162681
84516
54386
5347
10845
9880
4640
23306
4665
23339
6778
219988
91419
6809
54948
79837
54893
7529
81628
245802
84689
115752
23582
4088
91433
64400
10982
NA
4141
114785
245812
2923
11051
150290
7008
150365
5090
2793
5245
6632
201191
138429
399665
80221
2801
26995
51117
10999
81605
51148
57171
2021
56905
6668
10229
1398
26263
23102
64127
124460
83473
84064
7644
257160
51755
64174
54920
51367
64772
125058
146705
4645
10449
6786
6240
55128
64122
126298
7769
7733
28227
79759
9726
7171
4218
2879
90007
199786
55295
54815
4597
81620
51693
29123
124045
124923
147011
6137
121274
784
147015
8085
84940
121268
7846
84790
162963
84436
55762
29946
57701
148137
84807
114823
116115
83696
199713
7705
284349
10653
90522
1613
1938
10036
80700
84717
55311
64359
79850
51031
113655
90990
124935
83547
124997
63826
55720
162514
124936
84798
3816
55769
55611
NA
51293
84926
8435
148156
4723
10263
254552
7775
79003
11314
283987
3396
10476
6730
147138
7083
137695
147184
84514
83986
90850
64223
1877
1632
21
54442
23524
146434
197358
1642
55048
220001
2495
5436
6520
144097
89849
26005
9881
199223
3921
1499
54986
8772
4054
10004
29901
7536
5871
283234
55872
5368
10980
5049
124401
84309
57691
5867
81406
55209
79725
149603
84376
93487
54541
3516
55788
29063
125488
132158
92181
28511
7266
359948
64943
440957
388753
3800
4247
648
57215
27249
5162
54899
3008
115294
200845
136647
3660
11280
378
4735
11259
84879
1841
6890
84289
23192
197259
8418
55159
399
91949
51362
10963
6338
11031
80346
7148
649
11273
661
2237
23255
124790
2339
347735
60684
3622
55602
154007
79064
6575
79089
6774
90204
8754
4725
90075
753
9122
29100
10768
134218
11142
255743
54910
26505
2948
54790
80319
79867
6474
9677
10098
116236
9925
161823
9836
6645
3592
22847
53407
27065
166793
85476
NA
55308
54851
10713
79155
388969
129303
51255
10791
123355
4144
57507
80723
3635
3954
92305
10251
153241
29091
56947
3965
221749
1876
10116
54951
521
7386
1285
5604
3187
3667
4204
65110
4920
207063
79663
8623
293
113189
25849
53944
90362
84632
22809
7336
23099
23214
4330
27301
197370
90693
5865
10421
10636
26000
10960
27166
7059
11238
55974
23117
8233
51068
8706
114787
65008
55276
11141
23251
10073
8738
25942
200894
5747
728194
5724
5780
6039
4881
166824
1043
93380
83877
203100
59339
25932
1880
196074
9839
5093
3094
285605
283899
1677
27247
150468
123207
200558
552900
727851
23119
7798
284004
699
201255
1138
201254
10555
79058
2194
7555
4493
64118
2873
5986
51181
7580
145957
3987
123591
202018
7360
3185
686
55454
6091
57099
5028
81844
9185
94056
3684
8460
163590
23252
161725
2990
8019
51621
9758
92595
79724
10746
126789
83443
7584
201798
126917
57555
4648
1107
201799
25924
214
7532
10477
116840
58485
9196
375484
201931
728554
197320
123606
7324
220988
23235
728673
1140
84640
9121
140838
56985
114825
373509
55031
10015
7988
84140
8427
2720
84520
10491
23587
284194
9482
983
7314
4798
143162
56980
10678
2353
10972
6419
4086
285966
10446
7779
91752
55890
130827
136
4255
3892
3035
152518
160518
202052
79697
202051
57148
84305
51237
9963
53343
5036
79071
5209
23204
5272
1000
133418
9229
6773
134492
26145
3308
28991
121355
349152
7564
83787
80196
98
80305
11016
100271927
9306
162979
5429
3799
11214
55038
79145
3344
8419
84669
1056
8493
93622
25948
84864
51499
27258
9778
9788
79188
11236
6203
79042
2941
84437
4696
11162
NA
26115
5314
120526
90338
80310
1901
5569
286046
203062
9637
53838
100125556
238
4534
55006
3643
55669
155038
27094
155066
5581
84522
10474
29071
79095
118812
79894
55657
203245
64080
84233
55863
81603
81831
55561
51282
3726
140738
7364
79801
283742
90594
126070
2548
124583
84287
50515
51013
5223
55636
157570
1184
27115
64979
9
283455
147807
4163
57684
9533
171023
54811
24149
93134
147179
26156
55144
5481
255631
2110
23566
5734
6902
598
5356
NA
201514
22883
51523
10782
5293
84275
8507
80176
2186
284307
2857
57449
55729
10287
6919
203859
8841
10243
55092
23261
151827
79029
2628
4807
200172
596
1503
92342
54777
170394
163255
144699
5394
148268
4815
4300
6241
51112
6227
55178
5728
6201
5621
84978
554202
83660
654346
51030
7764
653464
91647
10465
126295
149840
221037
11346
4118
115196
83452
7064
2596
10869
5859
94103
8293
8462
6606
9451
126308
51315
10201
54205
55106
285335
257019
6641
27085
79736
28998
10892
3669
154141
1051
10605
375444
7690
140733
1798
682
25988
253782
55352
112858
669
10248
199857
8801
80765
3603
2783
220136
84331
9854
171024
10978
143941
150678
54676
55277
9338
7572
79694
142684
4299
9158
54971
5499
3054
54221
5139
10125
89857
118487
122704
27289
5883
30008
253725
80194
64393
93550
148203
91607
161142
57175
84750
55222
80198
169270
1072
23023
79612
90288
80011
55871
326624
167227
254122
6169
9420
5916
283848
23491
54961
8824
57546
6670
1657
254042
285268
55191
1717
206338
26960
84153
338692
4615
9943
9390
23133
253558
541471
NA
10524
344558
60495
79877
93624
156
5970
132884
340252
283450
55731
50514
10855
27235
51504
22992
203054
78988
64318
2101
150684
65059
4580
54625
10800
165631
1163
225
130872
126868
91749
81839
2745
9657
2804
153770
56834
653784
8658
203523
49854
79660
286042
4296
10221
84826
1605
1600
64801
51126
440574
254102
83591
79102
26472
10534
6599
5797
7423
79834
8793
4485
29925
92597
90441
1464
257364
64859
165082
1106
29903
51134
11163
5091
286205
64802
78999
6573
9986
7388
1964
256643
5707
57493
79703
9804
NA
3267
6777
1267
3728
10209
284131
57674
1263
10276
23333
55070
163049
80012
26996
84733
6712
27333
83759
84833
3212
115123
126074
353189
5936
152002
165324
220416
9973
84984
80311
200933
220082
2787
NA
253512
253827
23592
283951
81793
7096
345757
285704
152877
284613
254359
54931
348180
23269
144577
54872
10594
112
5306
9416
741
57659
23051
23612
201232
378108
128439
9156
253959
NA
3981
389524
488
55055
6124
10302
147323
400073
26047
158038
10260
257144
400986
148808
246330
388730
65003
53833
79647
55167
1240
90806
7368
124152
10781
3177
11041
153339
55196
51574
9975
25855
6138
132720
3265
151790
6731
152815
9662
5174
2015
201627
201626
11146
201625
10897
254263
51319
81876
NA
81490
125988
253980
155185
29909
170506
NA
26259
64837
6580
1488
9435
79683
545
125144
11065
256356
80124
149420
7189
55279
56945
55690
65108
80851
388403
5708
NA
22843
131408
1466
1649
5095
10540
79797
10106
9793
392
10025
9776
148345
23015
22845
9134
85007
162655
27257
8815
56674
5771
57758
84285
4087
8665
219749
285598
1212
317671
64770
374403
9092
55844
79772
57804
387787
144245
10589
7352
7351
83638
80227
51642
5870
8061
2072
79783
11007
54968
100128782
6199
116028
146691
58492
165829
205251
146712
22877
NA
54998
158135
646383
400359
55508
169841
8607
4482
643677
23399
2118
375757
202309
10458
797
340481
79666
63893
84747
163259
400224
84617
116068
126792
79898
9832
153364
286262
113829
9807
8636
1479
7525
79643
10301
55254
55346
284001
124535
664
339344
79915
114926
342908
25914
29882
339487
159371
NA
54993
285800
246184
51379
6051
163126
126272
9699
56888
84277
283377
161176
1196
254531
28232
284346
79446
112869
11145
653583
2788
205717
100128398
84823
51115
51320
4642
284756
9884
NA
197322
401466
8851
344148
80230
10409
374819
54621
157769
55884
7298
5827
170082
9240
494514
23141
374786
51078
84901
23625
6470
29952
9632
140775
4524
147685
10522
345778
147912
23403
54503
153129
340485
84942
5426
150368
57453
391
64787
196527
403341
440672
125228
403244
6888
8408
284716
157807
6197
80324
80205
347862
11253
3738
162517
3737
7156
57513
253461
286122
NA
64925
124871
29928
3090
8541
64110
89766
100049716
219285
441951
5074
7050
125170
266812
167359
930
203111
7182
284119
10425
375316
10009
79413
79751
79874
475
79718
401474
497661
55367
126069
6181
83903
3725
23283
2629
255082
28976
23765
57104
57085
283229
254827
977
100129540
5441
9772
2314
6666
10949
648987
285525
105373159
3766
66005
253639
9849
8269
NA
374969
1176
2885
360023
7334
151188
30832
158056
92806
51272
6232
60626
55272
140461
440836
55929
3615
25915
205327
54762
55620
NA
83983
51027
9659
1662
286187
4729
NA
55152
163071
85460
254251
84552
25970
340152
143888
5339
387694
125919
63917
11180
348654
8834
117608
90637
389072
63973
57673
284241
221294
439992
113218477
2731
NA
284393
54681
196403
55175
788
940
9852
2066
56998
8225
2081
2859
NA
84875
23512
63899
115207
200895
54913
2907
9377
57184
22882
27132
124599
4351
375593
124989
9242
81575
144347
54512
147991
6879
285346
5198
81888
79415
79818
2580
51341
7284
127254
80010
80169
55030
284029
6415
27335
114932
112574
9212
93621
285237
84314
23212
55920
54344
374470
1537
5187
NA
160335
2193
144108
55095
80153
285343
2517
222659
811
9500
100506127
143458
5886
90480
5781
727866
54734
1198
3119
10620
23241
255520
1960
257044
2262
64856
285908
50628
24147
54813
10472
122525
645212
81858
144132
79571
4261
161882
201164
2918
23580
100128927
144811
84232
340390
91523
729614
51268
151516
91663
727957
9792
644997
9495
284023
84948
23042
NA
7710
22864
9378
22928
151306
147808
55017
79738
84922
22827
79077
51333
NA
10194
118672
122809
284273
NA
197407
253650
255043
1731
54952
11336
9282
81889
1104
8575
283755
223082
10692
55785
284365
4947
124808
166815
3059
222166
23060
5062
285331
NA
90411
283254
54494
23526
51276
374986
8204
168620
85453
8334
255308
NA
8347
151963
84622
84333
5551
55432
644548
169200
728175
100271836
80045
266971
120103
253832
124961
5464
389362
27319
6748
84698
126375
404093
23513
23510
728294
5021
55783
286077
137209
23760
90843
64928
283554
166379
284406
1728
64782
79147
126003
9501
284439
124512
284129
79813
2149
286075
4869
64219
55526
92815
155061
5430
NA
219902
23401
79692
NA
91351
163183
79701
100287171
2837
23109
339500
55076
5912
57621
84282
79777
6448
377381
2187
29072
221416
399664
51649
64582
79008
284459
5324
286451
26137
205428
90355
6478
22820
575
151477
285195
84967
768211
64864
55343
201633
10193
200205
79673
94039
134553
84890
51287
64785
64963
6635
51363
3418
NA
91304
84629
28955
55505
375061
11022
7562
9798
375748
64975
339221
64764
286530
11257
283989
7318
51021
348378
5890
2131
6472
81532
10159
124637
25825
7325
23336
8905
65265
285429
147650
342945
3770
26233
716
143879
54059
55344
785
196968
122553
161779
55666
128553
147968
23265
3838
653440
654816
79598
340596
2242
51218
90736
3985
84975
55256
201965
201305
389084
22906
23236
348235
100506380
7267
492311
100272147
302
9628
164091
2894
6218
343563
440104
55794
64746
29035
91695
79087
3932
8241
2747
6165
170960
6734
2130
10473
10052
25904
9112
23705
162967
144608
5831
84316
161
18
1468
57118
729540
145748
164684
125061
2621
4703
389337
285753
2842
5877
2188
83698
91689
4166
3327
10856
29119
84536
754
51428
5343
9802
147372
9403
730029
NA
9831
202243
54880
8690
158358
2275
100128569
126075
9284
10946
391712
2903
339039
728340
140460
11219
29933
4600
57634
375133
54855
493753
51118
8624
253143
253190
54039
84193
84133
128989
653604
595101
119559
116541
220929
56941
1232
348327
4707
64410
407738
55039
728411
353500
10189
359845
7378
84851
10186
23585
29110
23466
346389
10607
10293
11200
57528
148641
51807
100288332
389677
286826
114781
100129543
128239
10766
NA
130502
5613
387893
6525
283869
28958
256435
8073
71
23258
127069
55803
NA
29796
54954
647076
8663
8508
126382
79174
152579
5504
64061
283871
79640
11066
3654
84319
5101
641371
220323
8338
317772
5463
80213
10078
160365
5587
401145
254887
118433
1946
3009
124783
256714
1435
8398
84441
26039
3751
116447
9276
80764
NA
9735
2826
10587
4303
11156
374659
162239
51286
9021
57121
11260
340061
5142
8303
124751
9968
81931
10801
157313
139285
9923
8349
56478
55328
55911
25923
55967
6991
7327
23762
79135
54732
25880
93517
155435
9823
90135
8971
375287
6612
83943
752
391356
8590
146198
646851
79050
11274
4700
113277
10572
140707
8694
26985
2157
377677
22888
23764
2972
10509
10519
56899
7469
57419
100130771
80789
51065
149175
338440
11124
131583
3297
387263
5813
8340
83881
162387
114659
317781
283820
59307
340371
10581
7127
353274
267002
51186
9230
10196
55015
7625
285600
283991
441549
84614
3563
339230
729857
54622
8558
8651
6948
23545
5071
283643
9146
126282
5600
93349
123283
64754
25840
54072
163702
400451
374920
374395
55010
246329
4919
255812
NA
80233
3665
79184
256329
5148
5592
4045
6667
NA
64976
10336
89782
5034
5719
56901
NA
677
7332
54014
6490
5453
333929
79842
347918
4603
100507526
730094
4733
51479
253943
79943
105
10718
3434
159013
56479
80333
10933
348793
1762
79581
51227
10320
5833
10134
51326
NA
100130717
54584
266920
127602
2124
440345
374899
140691
3916
84197
283897
54093
5727
55599
10308
402573
23299
55217
728609
22821
84859
84924
57711
342909
100129196
64853
84529
124626
NA
54103
84871
120227
157567
23396
10773
130355
10623
51741
152302
338657
283149
51082
146909
84937
89958
128178
55330
388567
114792
57496
151888
55693
64222
5501
148254
NA
340591
153768
6256
353322
200035
7626
3858
728621
55922
3840
115560
10168
4674
6228
54331
11118
3638
NA
84065
219956
257106
151011
4051
114826
23131
4771
221491
375686
7328
84981
84842
100129075
11104
123722
116985
347240
5138
284018
144233
90624
493860
613
25794
474343
8372
147645
2833
84307
100101467
53373
11006
10614
129293
23275
54821
8784
23390
55893
5465
642987
64800
129080
138428
344658
51259
91582
5333
957
4673
152100
6585
55182
57698
NA
339327
23270
2650
91404
23048
79659
222194
2057
1630
51616
9863
375612
11261
440107
5757
51182
51547
NA
9742
7874
342977
84069
28986
200424
9636
54932
NA
387032
400966
26059
145173
81848
51393
84281
94107
6917
79840
2175
79048
389766
10507
8632
10445
57697
7621
65243
347454
339559
388335
3006
1978
550631
164118
388512
401944
NA
441194
50626
339451
222696
126432
100141515
285386
NA
729967
29978
353116
57474
10123
65998
123745
51463
346007
338755
6300
375790
376940
NA
389541
5575
374383
390927
10383
119016
170622
123688
285180
163087
57801
79862
401541
5359
375341
2963
137392
54914
7784
440093
5133
6402
1121
375298
NA
3014
284325
348645
84570
644815
10772
285193
4077
391211
57186
27158
144535
100874381
1201
653820
56624
6613
340784
84247
1806
375743
387707
6006
29780
100132288
7390
51114
643155
340277
144404
130612
440603
399473
4520
199953
387921
79844
1269
100130581
84464
9045
389206
149297
147837
85302
431705
339287
400499
120892
79979
401494
158293
257313
26155
345222
NA
25920
339977
23036
283219
134637
NA
163081
4697
728780
121642
51136
374393
3005
9516
83862
196528
23450
26280
388165
126231
NA
400581
51155
84503
NA
6284
7581
162966
284697
654433
145853
NA
389643
7259
55629
2272
80317
27341
132660
23254
728661
100131211
200810
23708
84933
3146
139735
NA
282991
10388
440519
3556
5079
374879
23424
90835
653319
3123
26010
58500
151525
7633
6275
399948
148213
36
83931
9725
64218
54737
441191
NA
9687
90321
6261
9901
63939
203068
84458
6829
63929
401992
51427
5478
284443
8464
60491
NA
487
NA
3376
84278
9883
29068
56164
54413
55888
1604
131034
147929
11091
9361
8295
647135
222553
80778
7699
342132
5770
51466
2050
91661
7678
2547
284739
9858
9819
440348
148266
100131755
79693
27153
30849
285971
6399
140465
6477
140680
79711
9612
55660
54834
85012
51434
27010
6536
4666
399687
343173
54785
4122
729533
55959
3908
23654
7516
4646
57591
3066
158431
162993
6925
57001
55684
7695
23660
91392
51399
NA
150737
9895
51284
100287569
643836
112479
54543
84941
7442
7582
283970
57473
51321
170959
4763
154807
147686
1612
3117
NA
2760
8329
388796
961
7088
55534
8969
29966
8187
NA
NA
80345
64771
NA
100
10865
160760
285190
374354
445571
6334
128312
3841
57730
23365
286101
9260
2316
57522
10447
161424
57181
100129858
837
160
170384
307
8270
54554
100507607
11152
51108
7697
353088
388566
29950
163227
541578
57541
221785
309
126068
2764
147923
79830
401124
8364
4097
85379
3482
404744
79690
NA
1778
5094
84619
123096
80055
6714
91120
113835
399909
203102
51703
23507
11194
8356
27044
146540
5718
400931
140688
9583
10438
23061
8363
25959
2961
25788
7718
8831
128486
641
124411
84301
6840
51592
26020
57162
NA
79027
219927
91373
319138
136051
340385
171392
6584
104
3064
728
54798
3652
4217
55753
373156
3182
50861
5154
2996
6693
89887
79788
84154
142678
4644
10533
649179
26037
92104
57799
23556
57547
11147
83875
NA
NA
955
84188
65250
284370
91966
56882
219972
1803
80380
163059
196385
6709
4828
57565
92689
6120
10794
1379
5253
6231
NA
5660
6168
79892
197342
122773
347344
6884
55210
79607
92283
NA
23315
100506658
255119
121504
339318
440044
55924
51710
8733
54557
388536
81553
4641
259283
28512
644890
23303
128
85236
7004
6687
342926
30001
55552
84671
5336
89848
6277
6136
26052
7675
9019
23230
4155
8227
440295
389170
127687
85028
55035
51135
9228
28977
57089
63925
6191
10793
7637
84549
140885
2870
5557
54708
613037
7541
23607
54830
9814
65251
57209
NA
54863
1902
26275
161145
54989
642280
728741
79366
57708
10905
258010
90987
65992
7027
170482
55713
51170
23334
7789
83694
777
54870
NA
11325
NA
6147
55315
6815
59286
9931
89894
54963
84433
220992
55153
7745
144717
219844
79973
126017
3221
415116
439
444
200734
11060
2673
7405
7574
50618
4914
10724
NA
9747
7620
7296
441478
147949
374900
158586
147657
84914
7169
642946
388558
51441
10230
55319
3127
51062
7975
339541
7594
11321
7576
118472
199692
11169
285989
1500
131870
9874
987
339883
4326
11177
10920
NA
26112
4194
55958
23054
27347
NA
221477
801
338811
9652
9060
10479
22909
4541
55705
80184
4513
112770
23116
28514
10455
10497
4519
8861
9646
51734
22834
57154
107075270
63906
9578
4736
4536
92241
26049
91603
4540
29883
25829
2475
192683
115701
9860
4512
4860
2710
22887
140467
113402
283489
22876
56670
3151
140606
51465
57165
4976
9909
6263
11179
4537
51714
9760
9853
11153
58505
91300
116461
26046
146923
100129792
2869
55253
25853
57713
150771
4538
23137
4535
55170
830
4508
7150
9055
4215
6721
339448
6170
9666
9851
9937
79065
353
9755
57692
154467
4514
84456
1756
4668
23381
26128
7052
54470
9867
6096
259230
NA
NA
26835
NA
NA
170958
105378716
64423
NA
NA
401993
84288
116228
128387
NA
1378
100130967
554279
389432
101928673
387103
NA
92565
399818
221262
126961
440689
333932
84852
282996
100505933
2664
55251
441161
148418
26071
84455
85026
440590
NA
NA
3633
26146
NA
53344
26058
55680
340527
65979
653308
84243
170371
642517
83849
399761
55219
26095
57683
1616
659
10471
6015
7923
6257
339229
1302
3111
6046
3108
1290
5696
169981
550643
3122
5089
177
6048
10554
494513
63943
8859
1797
6499
NA
7936
221527
6392
10919
4758
3304
3303
3305
57819
7407
114769
55777
80741
1460
7918
57827
55937
7917
7916
199
259197
7940
4795
730051
4277
390980
3107
5460
54535
8449
221545
28973
5514
23
80742
780
NA
2794
3133
56658
90317
6992
80862
10399
11138
3134
653316
2550
NA
100507244
5987
102724642
NA
728877
83538
NA
642475
6311
1639
79600
29902
3104
440145
7711
790955
554251
101927533
401431
100289678
155054
728568
10206
NA
93035
100506736
NA
84912
100130958
346653
645121
344387
441054
286144
644096
55851
149837
65986
201725
284402
55366
5699
1874
5150
100113407
6643
56953
84324
10527
25851
54809
255919
NA
317762
100505767
100133091
4676
7114
100144603
6606
8293
NA
3150
54441
283463
414918
728689
51451
388931
150383
91750
54065
8110
NA
144363
100130311
6453
NA
79958
353512
441212
285636
440278
645432
192668
403313
10737
283314
100131017
100128788
653650
NA
10921
NA
131118
90861
NA
440248
57194
389161
10866
NA
253018
201475
3105
201562
55779
348801
131405
23243
8292
131965
440944
114786
26871
NA
1734
23012
22908
7247
55652
28908
28874
28876
28778
28822
28775
28823
28776
28825
28793
28813
28796
28797
28815
28816
28803
NA
3538
3539
28638
3494
3503
3501
3493
3500
3502
3495
3507
28474
28473
28457
28452
28450
28448
28468
28444
28442
28467
28434
28395
28394
28424
28423
28388
28420
28391
28412
28461
163154
NA
645296
NA
653232
NA
727800
4539
54627
339803
NA
51157
81856
163486
400798
NA
375035
22828
NA
25790
9534
NA
1427
1396
151230
286827
10962
445328
100422473
643276
NA
647030
4893
644315
81890
1147
83463
2946
84342
3931
221914
NA
6494
286467
90859
10011
23234
220717
414919
NA
7416
221504
100526830
3073
4722
642641
81606
5500
63940
51517
1388
NA
729046
1192
23564
NA
6235
102724826
7693
NA
2968
NA
388559
91664
399669
147040
728501
644029
NA
NA
NA
1241
100996307
56413
1773
1454
10379
3672
390916
730087
30851
8906
NA
7643
55739
2595
643167
26140
6150
101060200
79086
157574
7106
8904
339231
NA
57128
220729
10195
201283
NA
150928
644903
170559
NA
NA
79729
401397
253724
255809
664709
339210
NA
51024
619207
100505854
255374
283922
92482
NA
NA
NA
6174
51400
401375
NA
400954
100288842
23053
7866
NA
751071
641977
84820
402287
643680
NA
NA
731275
196913
285830
125150
64283
100130742
729920
101059938
NA
NA
11331
388344
678655
84461
100506713
153684
NA
137886
644019
441666
652276
NA
NA
134111
340094
101927905
399715
440270
55449
57594
1654
NA
64601
100128890
4636
388815
NA
407975
55628
114044
79716
NA
100526842
400123
NA
388795
NA
118126072
729515
56900
109286553
728833
9906
643136
284685
84809
100287898
NA
730101
NA
285780
286444
79741
NA
NA
728666
NA
NA
100288175
51025
NA
642935
NA
NA
NA
55714
NA
389435
NA
100505876
100129278
163033
440400
NA
55672
NA
375190
NA
337874
NA
100131205
339483
NA
729402
NA
101929145
441150
2189
9179
1052
100529240
4995
63920
284293
221786
5520
400713
10626
NA
200765
84561
80830
3995
81669
7311
NA
57232
388948
149478
222234
84084
NA
NA
NA
28773
2502
NA
101927761
653199
100506100
728190
118460
6293
NA
NA
NA
NA
NA
NA
257000
NA
NA
100874188
NA
155400
NA
NA
NA
NA
NA
642852
401577
101928516
285266
NA
NA
NA
142913
3115
105378785
100505783
NA
NA
172
101927027
NA
NA
100379345
NA
28875
NA
80772
NA
NA
NA
NA
NA
102724714
729723
100506457
100996485
NA
NA
100303728
101927501
100420546
NA
NA
28392
NA
721
NA
100506637
100652865
101928270
NA
342371
NA
NA
NA
221710
100507404
107985246
100128771
NA
3116
NA
102724224
642659
NA
102724316
729467
NA
101928436
NA
NA
643358
NA
28408
100505696
101410535
642778
NA
NA
NA
220980
NA
NA
100133205
NA
NA
148413
NA
284184
401398
101927858
NA
439994
NA
NA
101927215
645771
NA
102723566
NA
NA
NA
338099
728532
NA
NA
388152
440577
9842
192133
NA
NA
NA
NA
NA
100506161
NA
723809
NA
NA
NA
100507459
NA
NA
NA
554203
101060691
NA
400759
151171
NA
NA
NA
102724386
101928496
441246
NA
NA
84627
100652939
NA
155370
348262
105378732
65010
NA
100132103
100505641
NA
440823
401264
100506804
NA
100128071
2074
284618
NA
NA
NA
392501
414764
51406
NA
NA
NA
100887749
101927621
NA
106481735
NA
400696
107984921
NA
NA
645441
NA
646913
NA
348751
NA
100287722
647310
100129215
NA
100288778
441073
101929541
NA
29994
NA
NA
101928004
NA
NA
651302
101928114
100506714
NA
NA
105376072
100128936
196415
NA
100506392
1568
NA
NA
NA
79134
100128060
NA
NA
NA
NA
NA
101927117
101929574
NA
101927667
728558
104355426
NA
440078
440498
253039
100170229
9834
NA
441531
NA
100505774
NA
100130887
NA
NA
NA
NA
4049
NA
NA
NA
NA
400619
100505746
102724094
9277
NA
NA
107985194
NA
NA
100288428
100131827
283089
284801
NA
NA
NA
100144748
NA
653175
8505
100505538
NA
NA
57212
102724601
NA
NA
100996579
NA
102723483
387628
NA
113178
285758
4050
101928122
440584
100132415
NA
101930114
NA
NA
NA
NA
100874100
NA
NA
NA
NA
NA
NA
729867
NA
NA
NA
NA
283955
642395
NA
NA
116935
NA
NA
440600
NA
NA
105375013
NA
100420341
643723
NA
NA
NA
NA
100505566
493812
NA
NA
4509
104355287
NA
55009
91316
105376199
284757
NA
NA
643253
400957
107985688
NA
105378663
157489
728481
100128731
728537
728088
NA
NA
NA
NA
106614088
NA
100131193
NA
283008
NA
106660609
NA
101927768
NA
NA
109729180
389333
NA
51326
1719
285962
NA
400946
285834
643837
102724330
266783
101929760
NA
NA
NA
NA
100289373
NA
729236
NA
NA
NA
NA
101927021
100287551
NA
101928739
6171
NA
100507347
NA
100421533
137196
493754
NA
NA
101928103
NA
90133
NA
NA
NA
NA
197135
NA
NA
NA
NA
401093
647276
646309
NA
57615
NA
102724919
NA
146542
NA
NA
122539212
NA
NA
NA
NA
NA
NA
400604
103695365
NA
NA
645784
101928626
NA
NA
100874032
NA
NA
NA
NA
84320
NA
100874362
NA
NA
NA
158345
101410543
NA
NA
NA
NA
NA
NA
286016
257203
NA
646483
NA
101927895
104169671
NA
100499171
NA
114796
NA
100506012
439931
NA
NA
728586
NA
NA
100302692
NA
NA
407835
NA
653658
NA
NA
646817
284191
NA
NA
NA
NA
3138
101927354
401588
NA
NA
285045
388339
NA
101927686
105371562
285053
3281
100131814
414777
100506801
NA
NA
NA
101926941
102724593
NA
NA
149773
100874028
NA
728730
100133985
NA
NA
101929147
3113
NA
NA
100862704
6222
100506775
100132948
100132057
NA
NA
8847
646870
107985781
104355286
NA
NA
644716
378805
647121
100271374
NA
NA
NA
101929074
NA
NA
NA
NA
100873949
NA
5554
643749
101928243
730100
6892
NA
102724323
101929231
153743
NA
400761
NA
114821
NA
NA
101929184
NA
101929302
51372
28985
391475
101928578
NA
100505824
101928304
402057
388789
NA
389813
100505771
NA
644820
NA
100421788
NA
326307
NA
102723508
NA
NA
NA
NA
NA
643699
55853
100506930
NA
NA
NA
NA
7124
NA
NA
NA
284649
653677
NA
727826
NA
101926987
NA
NA
NA
NA
NA
414765
401957
285958
285154
NA
553103
NA
84973
NA
NA
104310353
339260
404266
NA
NA
101929023
107985040
NA
102606465
100996842
100506235
101929464
645528
2876
NA
105373354
NA
106480738
NA
NA
100093631
NA
158801
NA
NA
339799
100506311
729178
NA
388564
101927599
NA
100287430
NA
100129597
728431
105376748
NA
100286979
NA
344065
401019
NA
730227
NA
101927289
NA
8341
NA
NA
100506098
NA
NA
NA
NA
389342
105372840
6234
101928649
440567
NA
NA
111216282
100420259
388907
NA
101928403
NA
NA
7726
NA
401602
NA
NA
NA
NA
100506054
101927412
440900
149844
NA
54145
NA
100996590
101928000
728737
NA
100129482
101927554
100419824
NA
728927
390940
730190
285456
100506325
NA
257415
102724571
NA
101927438
643180
51275
NA
8629
NA
NA
NA
NA
NA
100507495
NA
NA
100996654
729978
60674
NA
3106
101060264
NA
NA
NA
145767
NA
NA
389901
NA
647099
100534595
114614
NA
NA
NA
NA
100507406
NA
440829
2497
NA
359792
NA
NA
NA
NA
NA
NA
NA
266655
64288
NA
100422737
387882
51236
NA
NA
90673
128854
NA
642776
105370503
NA
NA
105616981
NA
NA
NA
92249
NA
100129250
NA
341784
NA
NA
NA
NA
86781
NA
101928846
107984969
100132891
NA
NA
645387
NA
NA
107984875
150372
149775
NA
100421577
284749
NA
100507557
100272228
400242
NA
NA
9674
646324
728139
90271
100507582
NA
NA
8705
100874214
100509894
NA
284900
NA
NA
101929567
NA
NA
100874058
9278
101929099
100506469
NA
400945
NA
NA
NA
10824
NA
58486
NA
105375430
NA
NA
NA
100874261
401491
100133612
654841
728262
NA
NA
NA
NA
84214
728658
NA
387933
NA
NA
100306951
4581
100506922
NA
100506881
414245
NA
100507398
644838
339789
NA
NA
100506963
NA
729480
254128
112840933
751580
NA
NA
102723878
85824
NA
220930
100132273
NA
NA
84752
NA
NA
91368
267009
150142
728611
NA
NA
101928973
641298
100506866
NA
NA
NA
100129066
100507034
84793
NA
100129842
5863
NA
105372751
387723
105378580
NA
100130476
101927891
220885
NA
254948
644135
100101938
400958
3833
101929705
345611
440934
NA
NA
NA
101927497
NA
100288690
NA
NA
NA
100874048
NA
NA
100506334
NA
107075141
339400
NA
11191
101928399
440737
257093
101927851
100996442
NA
105372950
NA
NA
NA
474170
55592
103352539
100188949
NA
NA
101927682
100506215
100996251
90120
NA
NA
NA
NA
100128164
NA
103625681
NA
352954
100506826
NA
28881
NA
100507062
NA
60489
NA
NA
NA
NA
NA
28912
28896
11027
280
NA
107986114
5698
387867
101928085
NA
147947
90639
100126793
NA
100130562
53938
NA
728553
28937
100270840
NA
NA
NA
100048912
23495
100271003
NA
57461
NA
246312
57665
28938
730091
100134713
257068
NA
221078
647436
NA
NA
3112
57002
NA
100874246
285286
NA
27297
101927056
101927111
28914
9936
100506994
NA
107986115
283603
151645
105371430
100996435
387036
10093
NA
NA
NA
100505609
441034
NA
28941
NA
NA
541565
NA
23761
5822
102546299
NA
5297
326310
28933
728315
727956
51537
26286
285972
128977
23089
113939925
101929754
100131863
NA
28930
3692
NA
100129645
728992
NA
728979
55052
28883
NA
5273
NA
3109
NA
26063
NA
1270
NA
NA
9907
347689
NA
NA
NA
NA
NA
9553
NA
57553
NA
642828
101929054
28919
NA
11230
NA
28940
NA
647087
148713
NA
NA
28299
441632
644063
339894
3588
642819
116143
NA
NA
344595
149465
100132247
3139
NA
440176
388556
80086
64968
NA
728448
9054
692099
1650
101928376
NA
552891
28921
NA
5032
NA
NA
NA
NA
648000
2119
28913
NA
27350
28935
NA
NA
NA
NA
NA
NA
100132742
720
NA
10443
NA
NA
729678
NA
101927612
101930370
NA
386627
101929595
NA
101929468
100507283
283131
101928784
101929295
728769
101927204
497258
100506660
101928100
728339
643911
145837
NA
101927740
100505648
400512
NA
NA
644873
NA
NA
152195
100287015
100507053
100289388
NA
NA
727677
NA
283104
101928053
NA
NA
101929402
286190
105369192
101929759
283575
NA
NA
55766
NA
100505678
NA
NA
390595
NA
144481
192111
105369147
283596
100506211
NA
NA
100506282
338739
338817
439933
102546294
440288
729013
85364
NA
100507250
NA
NA
100289274
100506314
100505738
100131067
100506540
11344
441009
100293090
NA
100507266
NA
158880
100233209
257396
100505894
121232371
NA
NA
100533182
NA
283663
100506668
285512
550112
NA
NA
NA
109729164
NA
105371814
101929423
100506013
984
NA
201853
NA
NA
553158
101927233
643784
100289230
100131089
106480796
157273
NA
100526772
105370027
100526737
NA
285407
100526664
104310351
NA
100174949
NA
NA
NA
NA
441369
643783
NA
439936
NA
342184
100506169
100507291
NA
NA
NA
104355136
148898
NA
23354
NA
NA
NA
NA
NA
101929095
NA
NA
100505875
NA
101927040
NA
100885776
101928858
NA
4671
NA
729288
285419
388569
285638
NA
NA
NA
NA
NA
101928776
NA
NA
100129917
3455
101929577
NA
NA
105377590
NA
100506462
285626
NA
NA
NA
105374104
5820
NA
NA
100526767
NA
NA
283847
NA
85003
NA
374887
101929340
101927237
NA
101929141
NA
100526693
107986412
NA
NA
NA
105377448
NA
NA
353511
NA
283140
255403
389203
105377623
102546227
643401
NA
NA
729249
NA
NA
728564
400916
152756
401172
NA
90423
2738
339874
101929071
345051
NA
NA
NA
100288073
NA
NA
NA
NA
NA
121952
NA
100508120
NA
NA
2749
100505616
NA
105370401
NA
102723557
NA
NA
NA
101929709
NA
100128494
641339
100302736
103689917
NA
25850
NA
NA
NA
644974
NA
101929710
101928865
NA
100526694
NA
100506258
109729133
162972
NA
NA
NA
100507487
132241
100526739
NA
28893
NA
378938
105374366
101927636
NA
105374676
NA
105374344
NA
NA
NA
NA
NA
NA
653188
101927963
100127983
NA
NA
NA
NA
55000
NA
NA
NA
NA
100750225
NA
101929450
107075116
NA
729375
105375700
NA
143244
107986898
NA
NA
NA
NA
NA
101928136
NA
NA
101926977
440138
100507316
552889
5591
100506365
100288181
NA
NA
100616530
NA
101927413
NA
NA
NA
NA
154761
NA
NA
105375666
NA
106479038
101927752
105375903
339324
NA
NA
4067
107986980
401463
NA
NA
103164619
NA
NA
728888
101928154
101927115
105377586
101927003
NA
101927815
NA
441355
101929719
441381
NA
386593
NA
NA
NA
91056
105376114
NA
NA
103695435
NA
387820
728975
100422558
NA
348156
NA
109729147
NA
NA
NA
100423062
101927702
92312
NA
NA
100289518
NA
767557
NA
387751
NA
NA
642799
102724301
84769
NA
493900
100505622
NA
NA
NA
101928823
NA
10072
NA
NA
100534593
404734
55845
100128233
NA
NA
NA
112268389
NA
NA
NA
NA
NA
NA
NA
NA
NA
NA
100532732
NA
NA
283194
171391
NA
NA
23741
NA
NA
NA
NA
101928424
NA
105369519
NA
NA
NA
102724064
64852
101928069
728734
81488
254559
401258
399815
NA
NA
NA
NA
23642
NA
NA
NA
100885789
105369723
NA
NA
NA
100506649
100874249
NA
103752584
NA
NA
NA
1519
3
84996
9668
NA
NA
283440
NA
90649
NA
85027
400011
NA
NA
3145
7768
NA
NA
373863
11232
100129361
NA
NA
NA
79290
NA
NA
NA
100009676
NA
NA
NA
NA
59348
NA
NA
56242
388327
26267
105369614
NA
NA
NA
57189
26065
NA
NA
100128191
100506606
NA
283459
NA
NA
256021
NA
NA
10778
NA
101926933
NA
NA
283335
NA
NA
NA
NA
2342
NA
NA
105369748
NA
NA
NA
100420981
NA
30815
NA
100287944
NA
NA
101101773
101055625
105369954
NA
100506844
151534
255783
NA
NA
NA
NA
NA
101928062
100421413
NA
105369758
1523
100533970
NA
105369760
NA
105369779
NA
NA
643246
NA
NA
NA
NA
NA
91612
100506603
NA
NA
NA
NA
NA
51750
147660
NA
NA
283624
NA
NA
NA
NA
NA
NA
246777
100506071
NA
100874185
NA
101928969
NA
NA
NA
102723742
105370578
NA
NA
100529063
NA
105370526
NA
196872
NA
54984
100507118
102724814
NA
101927620
101928767
112268124
NA
NA
NA
9692
NA
NA
NA
283587
NA
NA
90799
NA
400236
NA
NA
NA
100533179
NA
NA
NA
100533496
NA
NA
100526836
NA
NA
NA
NA
NA
NA
NA
100532726
NA
NA
NA
100506411
NA
NA
109729174
NA
100130855
NA
109729181
NA
100533106
283693
NA
NA
NA
100505573
100528021
NA
NA
NA
NA
NA
NA
NA
100527943
NA
NA
100134869
NA
101927631
NA
653381
NA
26589
723972
101928414
NA
NA
NA
NA
NA
NA
101927751
NA
NA
NA
100128108
NA
100506686
100132644
NA
105370969
NA
NA
101926895
NA
101927978
283710
646791
146429
NA
NA
NA
NA
NA
NA
NA
NA
NA
NA
NA
29890
NA
101929196
NA
NA
NA
NA
NA
NA
3217
647979
NA
101928728
NA
101928736
NA
101929224
101927402
NA
NA
646665
NA
NA
NA
101927460
NA
101928707
NA
NA
100527963
119746555
100507303
NA
NA
NA
NA
100526831
NA
101060321
NA
NA
NA
NA
80072
NA
NA
NA
NA
NA
101930452
100289092
NA
100506581
NA
NA
NA
NA
NA
NA
NA
NA
102723166
197187
NA
NA
NA
NA
NA
NA
106660606
NA
NA
150967
283932
NA
100287559
NA
NA
NA
9236
103344931
NA
NA
NA
101927556
101752400
NA
NA
NA
101927957
NA
115830329
NA
NA
NA
NA
100507421
105370941
NA
NA
100507599
100507290
101927132
NA
23246
NA
NA
105371374
NA
NA
NA
NA
105372440
100652740
728178
101927288
5175
100128881
NA
NA
NA
101928035
NA
105370888
NA
102723692
100128822
NA
NA
NA
NA
NA
NA
NA
NA
NA
100506060
NA
8139
NA
NA
101929222
NA
NA
337873
NA
NA
NA
100506083
NA
100534599
NA
NA
148189
NA
100130950
NA
NA
NA
NA
NA
NA
NA
NA
NA
NA
283887
NA
NA
NA
NA
NA
100129781
NA
NA
NA
NA
554206
NA
NA
NA
NA
NA
101927060
92002
245
2969
10780
NA
727758
NA
100294362
NA
NA
NA
388363
NA
102724508
105371084
202020
116435298
106481051
10929
NA
554282
9641
103091866
NA
NA
1394
NA
6030
339290
112268184
NA
100287042
NA
100505576
NA
NA
NA
NA
200030
100505797
440712
NA
NA
NA
400657
100131655
NA
140735
56957
NA
NA
NA
101927688
NA
102724532
NA
NA
NA
NA
100506779
NA
NA
NA
9939
NA
NA
100287932
NA
NA
NA
NA
441263
27246
NA
92659
NA
9554
NA
10628
NA
23380
101927275
NA
NA
83593
92335
NA
284276
101927481
NA
NA
284565
NA
105376843
645158
8031
54460
112577466
NA
NA
NA
80022
NA
26083
NA
NA
107984974
NA
105372288
NA
NA
NA
NA
NA
NA
108783654
NA
100128568
NA
NA
NA
NA
NA
100505549
342892
NA
NA
NA
100133957
339201
147727
NA
284385
NA
NA
339192
NA
100507373
NA
NA
NA
118827818
NA
NA
400684
NA
101927322
NA
284408
NA
728485
NA
NA
100130522
NA
NA
NA
NA
NA
NA
NA
NA
677769
NA
105372419
NA
647946
NA
NA
NA
109729182
7608
NA
NA
NA
NA
NA
NA
NA
101927151
NA
NA
284260
NA
7767
NA
NA
NA
NA
NA
NA
105372233
100287177
NA
NA
NA
NA
NA
NA
100131691
105372476
NA
100505812
100506033
NA
149013
NA
100505681
NA
NA
NA
105372321
NA
NA
29057
NA
NA
NA
644656
NA
54553
105372482
NA
NA
NA
NA
NA
NA
NA
112268269
NA
NA
503538
NA
NA
NA
NA
200298
286527
101669766
NA
NA
100129195
79917
NA
8517
NA
732229
100507567
NA
6689
100507551
NA
NA
NA
84548
100505761
NA
NA
400818
110806280
401612
NA
NA
NA
NA
10984
102724105
100533184
100093630
139201
112903833
NA
NA
NA
NA
7730
NA
101927837
NA
NA
NA
100303453
NA
NA
101927931
152217
100533467
728841
NA
554313
NA
NA
NA
100288198
NA
NA
28439
105374811
105369154
414778
NA
100534592
25832
8148
NA
NA
100529241
NA
100529239
NA
NA
NA
8370
NA
NA
NA
441294
101930085
101927811
NA
NA
100507032
NA
100132406
6352
NA
115308161
NA
NA
105369490
128077
284021
338758
NA
NA
NA
NA
NA
NA
NA
101929623
101927314
NA
105378083
NA
NA
NA
NA
NA
NA
284615
NA
404672
NA
NA
NA
NA
NA
NA
101927067
100129461
NA
106144532
101929780
NA
63930
105374952
283483
NA
NA
11165
9757
NA
NA
NA
NA
NA
100101267
100133941
NA
NA
NA
NA
642361
NA
NA
NA
NA
NA
NA
NA
NA
NA
NA
152687
NA
NA
NA
NA
NA
NA
101928963
116435299
NA
107986100
441242
NA
NA
NA
101752399
102723582
NA
NA
NA
NA
NA
NA
NA
105377540
NA
55802
NA
NA
NA
NA
8509
NA
NA
NA
100533952
NA
NA
107985209
NA
80039
644619
101929351
NA
NA
NA
101060684
NA
NA
NA
NA
NA
NA
NA
NA
NA
107984036
NA
NA
NA
NA
100534612
NA
NA
NA
NA
202781
NA
NA
NA
NA
NA
101060351
8362
54883
NA
NA
100170841
9326
NA
NA
NA
NA
441711
NA
8342
NA
NA
23191
NA
144983
8339
389856
NA
79159
8355
105370532
388685
100131997
729438
256302
30837
NA
NA
102724560
8344
NA
102724219
26149
NA
100129924
101060389
NA
NA
NA
100130301
NA
100132101
440434
729873
81554
NA
115891964
NA
440804
728233
105370333
440434
8361
8348
8353
NA
100532724
112577464
85235
140883
4302
57223
11276
79873
7549
NA
8368
NA
94059
NA
NA
NA
8330
NA
6351
100419515
157285
8354
8857
NA
6928
NA
102724159
102723360
NA
NA
NA
26574
8345
8350
NA
54439
57636
114791
105374989
246210
102724594
NA
102724428
11072
29128
84876
9560
NA
102724652
6349
NA
NA
6029
8294
NA
146850
6871
100506571
NA
8396
NA
NA
8331
3018
NA
NA
100506622
NA
400322
NA
284100
NA
101927697
NA
NA
NA
NA
NA
NA
8332
8367
NA
NA
2970
102724843
3012
102723996
NA
NA
57234
441250
474384
NA
8360
284098
8343
NA
7703
NA
NA
4082
101927559
NA
NA
101927815
6348
105371267
NA
NA
28755
NA
NA
8968
595135
5691
NA
NA
NA
NA
NA
284106
NA
100462836
201299
11056
110117499
389741
6753
28817
NA
NA
80179
79893
101929140
NA
NA
8335
79154
31
8346
102723859
79922
8359
8336
8366
NA
378707
NA
8357
NA
NA
84311
NA
NA
NA
NA
100859930
NA
NA
NA
NA
NA
NA
100130890
NA
NA
NA
NA
NA
127077
NA
NA
NA
NA
NA
NA
NA
NA
100132249
NA
NA
NA
NA
105377031
NA
NA
NA
NA
NA
731605
NA
NA
NA
100129726
NA
NA
100507462
NA
NA
NA
105379499
NA
NA
101929823
102724701
NA
NA
NA
NA
NA
NA
NA
102723169
NA
NA
105378425
NA
110806272
NA
126661
NA
440952
NA
653653
9782
NA
NA
NA
NA
100506776
100507178
NA
100129716
100846978
NA
NA
100506710
100507173
101929741
NA
NA
NA
NA
375690
NA
NA
100289097
NA
NA
NA
NA
NA
NA
NA
NA
NA
101926918
NA
NA
102723525
NA
NA
NA
NA
NA
NA
29970
NA
107985911
100507747
440519
NA
NA
106660613
NA
NA
NA
100996481
NA
NA
NA
101930420
105370177
NA
NA
NA
729732
110806290
NA
387644
NA
NA
NA
NA
102800317
101927245
NA
NA
NA
NA
9997
NA
NA
105375421
NA
NA
NA
NA
NA
NA
NA
NA
728743
50856
NA
NA
101928059
NA
6905
NA
NA
NA
NA
NA
105378819
NA
NA
NA
NA
NA
NA
NA
112694756
6905
NA
NA
NA
NA
NA
NA
100506207
101926888
NA
54816
105371664
NA
149951
NA
NA
NA
NA
132989
728635
NA
105369347
NA
NA
NA
NA
NA
NA
NA
NA
NA
NA
NA
NA
NA
NA
NA
NA
NA
NA
NA
NA
NA
NA
NA
NA
NA
NA
NA
NA
389906
NA
NA
285074
NA
NA
23649
105376879
NA
NA
NA
NA
NA
NA
NA
NA
NA
NA
255252
152185
NA
646719
642934
NA
NA
NA
NA
NA
107984525
2678
NA
NA
100533195
NA
NA
NA
NA
NA
NA
NA
NA
NA
NA
NA
NA
NA
NA
NA
NA
NA
NA
NA
NA
NA
NA
NA
NA
NA
NA
NA
NA
NA
NA
NA
NA
NA
NA
NA
NA
NA
NA
NA
NA
8358
100630918
NA
NA
NA
613266
NA
NA
NA
NA
NA
NA
NA
NA
NA
NA
NA
101928415
NA
100289495
NA
NA
NA
NA
NA
NA
NA
NA
NA
NA
NA
NA
NA
NA
NA
102725068
NA
NA
NA
NA
NA
NA
NA
NA
NA
NA
8352
NA
NA
107986639
NA
NA
NA
NA
NA
NA
29798
NA
NA
NA
NA
NA
NA
NA
NA
NA
NA
643977
NA
105372269
NA
NA
NA
105370689
NA
105377663
NA
NA
NA
NA
NA
NA
NA
NA
NA
NA
NA
NA
NA
NA
NA
NA
NA
NA
NA
NA
NA
NA
NA
105373174
NA
NA
NA
NA
NA
NA
NA
107986742
NA
NA
NA
NA
NA
107985693
101928701
107985772
NA
NA
100996756
NA
NA
26013
NA
NA
NA
NA
NA
NA
NA
NA
NA
NA
100528016
NA
NA
NA
NA
NA
51209
NA
100533105
NA
116412618
NA
116804915
NA
122319436
NA
NA
NA
NA
NA
NA
NA
NA
80254
84726
NA
474383
NA
8263
NA
NA
NA
NA
NA
NA
NA
NA
100128553
NA
NA
NA
NA
8337
NA
NA
723790
114118903
107985770
NA
NA
NA
NA
NA
NA
NA
NA
388524
NA
NA
NA
NA
NA
NA
NA
NA
105376306
NA
101928092
NA
NA
NA
NA
NA
NA
NA
NA
NA
NA
NA
NA
100310756
NA
NA
NA
NA
NA
NA
NA
NA
NA
NA
NA
NA
NA
NA
NA
NA
NA
NA
NA
NA
NA
NA
NA
NA
NA
NA
105374101
NA
NA
NA
NA
NA
NA
NA
NA
NA
NA
NA
NA
NA
NA
NA
NA
NA
NA
NA
NA
NA
NA
NA
NA
NA
NA
NA
NA
NA
NA
NA
NA
NA
NA
NA
NA
NA
NA
NA
NA
NA
NA
NA
NA
NA
NA
NA
NA
NA
NA
NA
NA
NA
NA
NA
NA
