2288
5965
115703
4706
56919
79657
57019
51226
9256
6936
54677
4293
1352
60528
9703
8522
55735
29116
6792
9690
51603
8798
11188
80199
3077
51096
933
23357
55622
56981
23071
51022
11171
25901
11285
2530
535
9168
11345
84908
51121
54888
23517
79567
55775
22884
5431
7175
23247
51491
23518
1161
79810
8574
51154
29945
51602
51663
55609
55781
55749
51660
60488
1431
11218
53339
55711
5378
3843
10885
91526
55854
55810
6688
27107
60487
10734
5255
7813
30836
51018
55699
11186
79990
4205
25885
51447
55133
10294
483
8518
56852
23503
7321
51095
9744
83642
80216
54475
6605
51175
29090
113235
88455
55824
55094
6813
51548
79960
54715
9933
54665
440515
11266
23239
55100
9689
1741
25929
7514
26747
55663
10269
5978
790
2122
81929
22911
57590
5016
4216
54700
4528
27292
51194
8602
28971
5990
1795
57017
64147
22803
8550
51575
80024
29058
55614
23415
3902
645
51650
64857
54517
1738
83394
84336
55012
57556
23511
1384
10044
29760
7093
6732
3326
23411
11018
79956
23031
79629
26517
283638
8045
29799
89781
402055
11078
56993
25777
1727
27349
23170
10454
171568
9889
83933
10419
64841
26520
10598
23002
1983
51527
5411
5875
4776
63935
55969
51012
26164
26205
54976
57761
8760
10528
191
8736
55125
57534
64743
286410
3750
6102
9767
10916
5935
54
10166
28984
5595
57149
80152
1723
79918
79613
25839
55512
23659
8312
54985
64428
64779
2935
56061
124454
9093
23322
23420
400506
123263
26015
30844
90427
8669
51201
3551
90459
5516
951
81576
166
10859
26093
10226
9266
29844
93436
7392
7639
56006
27000
221830
29062
51678
140545
23288
8662
29886
7965
55131
9678
54927
6505
54981
80709
55664
6013
7016
8939
1855
8661
11196
64115
56652
6468
23560
56647
55149
7019
6158
7343
22794
51195
3837
55163
9400
2584
708
55813
10493
10014
9343
4621
55161
11275
54433
23788
3312
3338
79080
24145
22897
8050
29099
2965
2735
2967
57696
1822
51559
55003
57150
8732
9025
23195
79865
10973
2822
10475
9896
117247
705
11120
10884
3313
23107
54974
7060
10622
55299
5917
10915
55171
51300
3836
5096
7337
5576
55081
7372
11222
10057
54891
4691
7535
51277
2976
5136
25801
64427
57142
9801
84128
79031
25843
8576
79954
10153
22930
6432
8942
56902
7341
10056
11315
51102
64766
10459
51377
1491
252839
10352
54955
6390
54680
10969
79033
51611
9588
27042
29937
10849
55686
22868
10329
196483
60526
55127
54836
92400
8013
26094
10577
58517
64225
10285
3213
79646
79886
51248
84318
27340
51019
10174
8165
8405
81627
91614
64786
84265
6144
100505741
55975
152007
55847
1959
9904
84329
79365
55297
5585
23091
64375
262
5393
5208
NA
79183
55661
5184
10199
2162
57510
83732
10799
2069
54436
57409
55154
9329
64794
79144
84172
NA
10045
56927
80207
10616
56255
83541
8698
4149
83658
10870
3661
435
65266
10131
1678
83744
89846
79717
79575
23065
79066
1892
7979
5471
6608
3663
8924
25847
7166
1032
25938
54552
147965
4705
23149
55201
27243
4294
57470
57693
1736
25926
10288
23473
84077
7376
10197
10948
64087
79149
22856
90379
54862
10989
80895
7326
2926
26057
23558
85451
51388
64773
7818
9826
1802
5509
64328
6341
84787
1455
54979
4629
22880
90956
84626
51520
3295
51241
23508
1965
92259
89978
79768
55119
56907
79022
51054
9475
285148
89796
10440
29889
192670
9575
7174
134430
55312
84749
85025
55122
6885
967
116986
7024
9924
84946
10574
10200
6553
3775
9816
3915
149041
5077
375248
55681
11137
50853
4752
51131
11097
55146
28988
64005
10588
11173
10241
55316
6498
9128
54534
51531
10244
4686
26953
55833
54840
27240
11258
51754
6941
51439
10068
79731
96764
55142
102
2644
5876
85465
8884
51374
10128
403
50485
9360
79675
29789
55759
10152
90525
55589
9908
10427
23710
51067
254013
84298
92979
6996
54934
7009
55206
79720
122830
8816
6652
7090
2108
10099
80349
79661
3480
585
5428
3687
91151
84916
5636
8631
90507
51651
55197
64762
409
11322
1453
162427
2064
7409
351
9875
57140
80110
7371
27
58497
57592
9869
55793
405
126626
25896
9898
3782
130589
9391
84524
8502
64708
79137
58190
55164
26018
NA
51365
141
9711
93587
92345
5295
5921
55814
64839
10146
91975
55651
10667
90933
285855
55023
257218
51390
5814
90060
50814
115111
8667
80728
549
401548
114789
56623
23590
11128
83938
9446
22984
10480
60496
9638
83707
5331
124446
3708
25819
93589
9231
283464
9223
1456
153443
5860
79691
291
196394
221336
5784
79833
284309
79723
114908
23171
9987
3140
23589
64682
8467
5903
25909
50807
113622
136895
140890
5529
9868
84976
518
6921
5137
92106
9989
146956
2047
51582
51633
6566
55027
84365
133383
138241
79831
130540
133522
55005
138199
132
56911
9556
7381
159091
6832
286151
27020
23522
80223
10813
5261
123803
9069
57798
203328
79856
63875
4690
127262
64849
995
9669
23382
9334
653361
115992
4817
10361
2207
79053
94104
3455
201176
8883
84303
388284
115650
808
1676
56063
203547
8997
54020
10785
92799
10444
79957
221908
54865
1857
6427
126119
113251
221496
7627
10825
65260
79707
9903
284723
6339
126859
128153
55083
64216
9214
51072
142679
165055
56916
285555
93082
29765
113510
80128
7203
152110
57703
201595
8802
200916
132989
7871
11102
25898
84343
57456
23160
64866
131601
55764
26354
23173
133308
132160
79884
80155
27236
23379
6059
91942
92255
5229
153733
55255
84135
84340
133957
10559
8645
3174
5001
51808
1345
25879
4783
55798
NA
654817
65083
84720
10910
55172
84881
123016
89890
118881
23172
10935
6621
10807
9188
9790
56339
414241
91252
79101
255394
84706
27079
115708
8539
9221
10576
7753
54838
3611
159195
254225
123169
7084
23306
54893
23582
2793
26995
84064
7733
9726
90007
121274
784
84940
148137
90990
55720
147138
23524
54986
10004
5368
132158
7266
388753
84289
80346
6575
79867
129303
51255
4144
3954
10251
10116
65008
55276
200894
4881
285605
699
57099
81844
163590
2990
58485
84640
140838
56985
7779
79697
84305
83787
80196
9306
162979
84864
51499
84437
120526
286046
79894
283742
126070
55636
147807
9533
5481
6902
84275
8507
10287
151827
1503
55178
126295
54205
28998
10605
7690
10978
150678
54676
55871
5916
8824
6670
254042
156
65059
54625
165631
153770
49854
51126
254102
1106
51134
9973
84984
200933
254359
23269
400986
53833
79647
253980
NA
545
10025
374403
57804
7351
79783
116028
158135
8607
23399
375757
153364
79643
10301
9699
84277
283377
1196
55884
84942
80324
80205
100049716
441951
10425
79413
497661
3725
23283
9772
285525
3766
374969
7334
440836
1662
113218477
57184
147991
284029
27335
23212
5886
257044
645212
161882
727957
1731
81889
10692
55432
124512
4869
100287171
23109
339500
51649
79008
151477
134553
64963
6635
3418
NA
84629
28955
7562
348378
81532
7325
65265
285429
3770
654816
55256
201965
55794
389337
2842
5877
11219
375133
407738
7378
10186
152579
84319
124783
8398
374659
10801
9923
7327
93517
8971
646851
26985
2972
10509
10519
353274
9230
10196
7625
6948
3665
79184
10336
56901
333929
4733
56479
283897
84924
3840
221491
116985
90624
8784
440107
54932
79840
79048
7621
339451
65998
375790
NA
5575
284325
10772
387707
7390
130612
85302
55629
23708
64218
90321
63929
7678
9819
285971
79711
55660
399687
3066
57001
23660
84941
7582
283970
154807
388796
55534
9260
100129858
11152
29950
163227
147923
1778
2961
51592
79027
219927
340385
171392
84154
84188
80380
122773
23315
121504
55035
28977
777
11325
55153
50618
147657
51441
10230
11321
199692
221477
63906
22887
9909
91300
55253
23137
105378716
84852
148418
3633
26146
7923
3111
3108
1290
7407
7918
55937
3107
5460
54535
80742
2794
3133
5987
102724642
6311
346653
56953
10527
51451
NA
440278
645432
403313
10866
23243
51157
9534
4893
1192
NA
7693
2968
8906
55739
57128
220729
664709
100505854
NA
NA
196913
100130742
11331
NA
407975
NA
NA
109286553
NA
163033
375190
3995
NA
100506100
NA
100506637
107985246
642659
729467
101928436
NA
NA
NA
NA
65010
NA
NA
100506714
1568
9834
NA
100505774
100505746
NA
NA
NA
NA
NA
105376199
NA
NA
100287551
NA
100421533
NA
NA
57615
84320
100874362
NA
NA
257203
101927895
NA
401588
NA
149773
NA
NA
100873949
5554
NA
653677
NA
NA
404266
NA
101929023
107985040
NA
NA
NA
100996590
100129482
257415
NA
NA
NA
NA
NA
NA
100129250
NA
NA
100132891
149775
100272228
90271
NA
8705
100874058
58486
NA
100507398
NA
84752
5863
387723
100506334
NA
100188949
100506826
NA
NA
NA
90639
NA
100874246
285286
NA
5822
NA
9553
101929054
NA
3588
116143
149465
9054
2119
NA
729678
145837
NA
100507053
NA
100505678
338739
283663
100131089
105370027
388569
NA
NA
NA
NA
NA
NA
NA
641339
101928865
132241
105374676
NA
NA
143244
NA
100507316
100506365
NA
441381
91056
NA
NA
767557
642799
NA
493900
NA
404734
100128233
NA
NA
171391
23741
NA
23642
NA
85027
100129361
100506606
NA
NA
NA
NA
151534
255783
NA
NA
NA
147660
54984
NA
NA
NA
NA
NA
NA
NA
109729181
NA
NA
26589
NA
100506686
NA
NA
3217
NA
NA
80072
NA
NA
NA
NA
103344931
NA
100507290
NA
NA
NA
NA
NA
2969
116435298
112268184
100287042
NA
102724532
NA
100287932
NA
101927481
105376843
645158
26083
NA
NA
NA
101927322
NA
NA
NA
109729182
7608
NA
NA
NA
100505812
54553
NA
100505761
NA
100533184
100093630
NA
NA
101927837
NA
338758
NA
NA
100129461
NA
NA
NA
NA
NA
NA
107985209
NA
NA
107984036
54883
NA
NA
105370333
4302
6351
102724159
26574
NA
11072
100506571
NA
100506622
NA
NA
NA
NA
441250
NA
NA
101927559
6348
389741
6753
101929140
79922
NA
NA
NA
NA
NA
NA
9782
NA
100507178
101929741
NA
NA
729732
NA
NA
NA
NA
728743
6905
NA
NA
NA
NA
NA
NA
NA
107984525
NA
NA
NA
NA
101928415
NA
NA
NA
NA
NA
NA
NA
NA
NA
NA
NA
100996756
NA
NA
100533105
116412618
NA
NA
105376306
101928092
100310756
NA
