2696
672
23154
57210
55166
8100
23274
3631
57418
9697
57719
54518
10403
64395
29929
5829
9552
6913
27154
56952
11144
1033
1477
23509
10404
90011
657
10635
10087
23341
8443
25936
81930
29899
343099
11113
55355
7270
2123
8445
14
5782
151648
9053
246269
83990
9550
834
8999
81624
122786
55215
10966
10907
83540
23233
2177
55347
4026
54892
137902
120
57405
8470
220134
152992
23426
163786
93010
701
1974
25966
9900
55721
8888
29127
51727
127253
130814
55765
151246
51246
4338
9232
90390
162681
28227
150468
9121
983
51523
92342
5728
375444
440574
256643
1263
9435
151188
286187
22864
253832
8905
3932
54039
128239
254887
26039
51286
677
54103
10614
3006
653820
80317
6477
112479
307
126068
25959
NA
163059
51710
55552
5557
353
NA
554251
344387
23012
163486
NA
30851
101928496
NA
100144748
100505538
NA
NA
101929231
NA
NA
11191
730091
NA
NA
386627
NA
NA
NA
400916
152756
100128191
NA
NA
100874185
100128108
100132644
NA
NA
NA
100287559
105370941
NA
NA
NA
NA
100129195
NA
NA
NA
115891964
NA
653653
100846978
NA
NA
NA
NA
NA
NA
613266
NA
NA
NA
NA
NA
NA
